32767
32763
32760
32752
32733
32729
32721
32712
32708
32707
32698
32694
32693
32681
32669
32668
32656
32651
32650
32648
32638
32633
32629
32622
32622
32620
32617
32611
32608
32605
32604
32603
32593
32593
32578
32567
32565
32546
32544
32535
32518
32500
32496
32482
32481
32471
32426
32410
32408
32407
32407
32404
32401
32398
32398
32398
32396
32394
32388
32388
32383
32363
32354
32353
32353
32352
32343
32342
32336
32330
32329
32327
32327
32312
32307
32300
32277
32273
32258
32255
32250
32240
32225
32221
32216
32214
32200
32196
32190
32183
32170
32161
32151
32149
32144
32135
32133
32126
32119
32112
32111
32110
32083
32076
32070
32060
32036
32033
32031
32030
32029
32026
32018
32017
32013
32008
31993
31992
31991
31974
31972
31971
31955
31948
31946
31934
31919
31916
31911
31902
31900
31896
31894
31889
31850
31843
31839
31833
31818
31816
31812
31812
31804
31803
31786
31780
31778
31772
31740
31739
31722
31711
31708
31707
31703
31702
31700
31696
31693
31693
31686
31676
31671
31668
31663
31656
31655
31646
31631
31629
31625
31612
31611
31603
31600
31585
31582
31562
31560
31549
31541
31536
31536
31532
31526
31517
31484
31477
31470
31467
31458
31457
31451
31431
31428
31423
31413
31405
31395
31395
31394
31376
31369
31356
31356
31354
31345
31341
31334
31329
31326
31317
31303
31294
31280
31271
31265
31263
31258
31253
31250
31248
31245
31228
31227
31226
31221
31221
31220
31217
31211
31201
31194
31179
31177
31174
31150
31149
31121
31119
31115
31110
31101
31096
31090
31089
31087
31067
31056
31054
31048
31045
31044
31043
31040
31030
31025
31022
31012
30978
30967
30962
30961
30956
30945
30936
30933
30929
30928
30912
30908
30905
30904
30889
30884
30877
30874
30864
30848
30848
30840
30833
30832
30831
30824
30824
30802
30793
30792
30790
30780
30776
30775
30773
30754
30753
30740
30738
30730
30729
30722
30721
30710
30710
30705
30687
30683
30668
30663
30657
30656
30647
30642
30631
30629
30605
30602
30594
30591
30581
30575
30569
30568
30567
30563
30551
30521
30514
30508
30500
30500
30493
30491
30482
30477
30472
30471
30452
30450
30431
30414
30411
30394
30393
30392
30391
30388
30385
30383
30378
30366
30366
30362
30345
30342
30336
30311
30302
30297
30291
30284
30261
30257
30256
30250
30237
30230
30230
30229
30228
30224
30216
30208
30204
30197
30191
30182
30172
30156
30149
30146
30145
30143
30141
30133
30124
30116
30104
30096
30091
30088
30085
30081
30076
30068
30057
30047
30046
30042
30033
30022
30016
30014
30004
29997
29997
29993
29987
29979
29979
29971
29971
29967
29956
29955
29953
29926
29909
29885
29885
29884
29863
29855
29852
29835
29831
29811
29808
29805
29804
29802
29797
29797
29785
29785
29781
29739
29734
29731
29730
29719
29712
29695
29694
29693
29691
29688
29688
29682
29676
29665
29657
29650
29647
29647
29620
29619
29594
29586
29582
29551
29511
29510
29509
29508
29507
29495
29489
29483
29481
29477
29475
29455
29455
29453
29453
29453
29444
29440
29434
29433
29433
29432
29428
29421
29407
29400
29393
29374
29372
29368
29365
29355
29351
29351
29333
29329
29328
29313
29305
29304
29302
29294
29285
29282
29276
29274
29271
29271
29269
29252
29248
29240
29231
29230
29209
29202
29189
29188
29182
29178
29163
29159
29158
29145
29134
29134
29121
29118
29116
29114
29114
29092
29089
29080
29070
29066
29046
29041
29038
29026
29023
29019
29016
29007
28997
28994
28986
28976
28969
28963
28961
28956
28954
28952
28946
28943
28930
28917
28908
28902
28900
28896
28896
28892
28867
28859
28855
28854
28845
28842
28840
28839
28834
28826
28824
28821
28818
28815
28798
28779
28771
28768
28759
28758
28750
28728
28724
28722
28715
28712
28694
28687
28681
28669
28667
28652
28650
28637
28631
28628
28627
28619
28617
28603
28589
28582
28567
28566
28556
28553
28535
28533
28505
28494
28493
28488
28485
28483
28469
28469
28466
28459
28448
28444
28430
28429
28416
28413
28406
28405
28374
28369
28321
28320
28310
28309
28309
28307
28305
28293
28289
28286
28284
28278
28275
28270
28249
28248
28239
28238
28234
28227
28227
28222
28221
28220
28214
28209
28202
28199
28196
28173
28162
28159
28159
28156
28141
28139
28130
28118
28117
28112
28111
28108
28091
28091
28088
28087
28087
28083
28082
28073
28058
28042
28036
28026
28023
28022
28002
27998
27995
27988
27965
27963
27953
27949
27935
27927
27895
27881
27861
27857
27855
27854
27851
27847
27840
27837
27833
27824
27817
27816
27809
27794
27793
27783
27781
27778
27749
27737
27723
27714
27713
27692
27689
27687
27677
27675
27670
27666
27664
27660
27656
27637
27636
27629
27623
27623
27623
27622
27600
27597
27595
27589
27583
27575
27574
27559
27553
27545
27537
27526
27519
27498
27489
27485
27470
27466
27421
27421
27407
27404
27400
27375
27369
27367
27360
27355
27351
27306
27301
27298
27298
27288
27274
27267
27259
27227
27226
27223
27193
27190
27189
27183
27183
27182
27168
27167
27166
27165
27165
27158
27157
27143
27142
27141
27134
27128
27128
27125
27122
27120
27113
27104
27099
27093
27087
27077
27074
27069
27057
27049
27031
27030
27026
27025
27017
27014
26986
26986
26981
26973
26973
26960
26956
26952
26949
26948
26932
26925
26921
26904
26902
26886
26884
26881
26875
26873
26870
26869
26868
26865
26845
26830
26823
26790
26789
26782
26776
26770
26761
26741
26730
26727
26722
26697
26694
26686
26682
26681
26679
26638
26636
26635
26634
26628
26628
26625
26620
26606
26586
26586
26580
26579
26567
26562
26560
26542
26541
26538
26528
26523
26518
26512
26507
26496
26492
26486
26484
26479
26478
26464
26463
26453
26449
26442
26436
26436
26428
26426
26409
26395
26394
26391
26385
26381
26372
26371
26365
26365
26360
26360
26353
26349
26332
26331
26319
26317
26317
26312
26305
26297
26284
26282
26282
26278
26277
26269
26265
26259
26255
26244
26243
26242
26237
26235
26232
26212
26208
26206
26198
26194
26179
26178
26175
26165
26162
26158
26156
26154
26151
26150
26147
26141
26134
26128
26115
26099
26094
26088
26085
26080
26077
26076
26073
26071
26070
26061
26056
26049
26044
26032
26025
26022
26021
26019
26013
26007
26004
26002
25991
25988
25983
25983
25981
25977
25976
25972
25949
25947
25918
25916
25893
25872
25871
25845
25845
25842
25842
25834
25833
25830
25821
25815
25812
25801
25794
25793
25793
25792
25784
25777
25775
25770
25763
25756
25754
25733
25732
25724
25712
25712
25711
25708
25706
25701
25696
25686
25682
25664
25663
25660
25655
25648
25646
25641
25623
25620
25618
25608
25605
25575
25565
25558
25536
25533
25515
25506
25501
25499
25492
25475
25471
25468
25466
25465
25461
25458
25446
25444
25443
25439
25427
25423
25419
25416
25410
25388
25386
25384
25383
25372
25370
25362
25362
25359
25354
25344
25343
25343
25326
25318
25316
25315
25301
25294
25289
25289
25287
25285
25281
25276
25266
25258
25233
25229
25221
25215
25209
25202
25201
25191
25190
25189
25186
25164
25163
25146
25143
25137
25134
25120
25116
25114
25112
25098
25096
25087
25087
25081
25070
25066
25051
25048
25045
25043
25038
25036
25025
25025
25024
25023
25017
25016
25016
25002
25002
25001
24978
24969
24964
24962
24950
24944
24940
24935
24929
24919
24913
24911
24877
24867
24864
24862
24860
24856
24853
24844
24826
24820
24810
24810
24807
24770
24761
24757
24752
24747
24738
24734
24721
24714
24713
24709
24708
24708
24681
24680
24665
24664
24661
24642
24625
24624
24619
24617
24612
24599
24591
24583
24572
24569
24562
24549
24546
24542
24535
24530
24528
24519
24503
24497
24487
24479
24473
24473
24460
24458
24457
24457
24451
24448
24442
24437
24435
24424
24420
24399
24376
24371
24364
24362
24362
24358
24353
24352
24351
24350
24346
24346
24346
24339
24329
24323
24319
24318
24313
24313
24309
24302
24293
24286
24276
24274
24271
24267
24246
24246
24245
24238
24237
24229
24226
24224
24214
24211
24205
24205
24205
24203
24202
24200
24170
24156
24144
24121
24116
24109
24106
24105
24089
24088
24086
24082
24060
24056
24051
24049
24049
24045
24037
24034
24026
24019
24019
24017
24009
24004
24002
23995
23985
23977
23974
23958
23952
23948
23948
23947
23940
23938
23936
23919
23917
23894
23888
23881
23873
23869
23867
23860
23852
23851
23849
23835
23834
23829
23824
23814
23798
23798
23793
23787
23785
23768
23767
23755
23744
23742
23736
23735
23734
23728
23723
23722
23718
23715
23711
23706
23703
23703
23692
23686
23681
23678
23677
23648
23646
23641
23640
23636
23605
23598
23590
23581
23571
23571
23567
23554
23550
23548
23545
23541
23541
23539
23537
23517
23516
23508
23507
23506
23502
23495
23491
23487
23480
23446
23444
23439
23437
23433
23428
23413
23398
23365
23362
23360
23350
23349
23344
23331
23320
23319
23306
23301
23290
23280
23280
23267
23251
23242
23231
23218
23211
23207
23203
23201
23185
23181
23177
23174
23174
23163
23161
23159
23158
23149
23149
23143
23137
23135
23129
23123
23108
23099
23091
23090
23064
23048
23042
23040
23038
23038
23036
23025
23019
23008
22979
22974
22971
22956
22945
22934
22930
22918
22917
22915
22913
22913
22904
22895
22869
22863
22857
22846
22841
22829
22828
22789
22778
22772
22766
22764
22759
22747
22740
22731
22729
22721
22709
22700
22683
22679
22675
22660
22659
22654
22650
22643
22629
22628
22616
22599
22599
22596
22594
22588
22586
22570
22556
22555
22554
22547
22544
22543
22543
22541
22541
22536
22531
22531
22527
22525
22524
22511
22508
22497
22496
22489
22488
22483
22482
22461
22444
22441
22436
22426
22417
22417
22411
22410
22407
22387
22378
22376
22362
22356
22344
22344
22326
22322
22311
22303
22292
22246
22244
22237
22234
22230
22209
22208
22196
22190
22187
22184
22178
22176
22161
22157
22151
22138
22135
22134
22123
22119
22115
22114
22111
22111
22097
22095
22091
22073
22067
22054
22051
22024
22020
22015
21971
21969
21965
21955
21954
21938
21938
21932
21928
21920
21918
21912
21906
21904
21899
21895
21892
21879
21876
21870
21857
21845
21838
21838
21833
21829
21823
21819
21806
21799
21797
21782
21776
21773
21763
21754
21754
21742
21722
21707
21707
21702
21689
21683
21680
21677
21664
21663
21656
21652
21643
21636
21628
21615
21611
21611
21604
21595
21585
21580
21577
21572
21571
21567
21546
21537
21528
21522
21510
21501
21492
21462
21454
21450
21450
21431
21427
21423
21423
21422
21422
21405
21404
21399
21377
21360
21358
21350
21344
21338
21338
21337
21335
21330
21323
21318
21314
21292
21272
21267
21263
21262
21253
21247
21245
21233
21220
21214
21211
21210
21205
21205
21200
21195
21178
21176
21164
21147
21146
21140
21130
21129
21128
21127
21125
21124
21124
21119
21103
21103
21094
21088
21087
21078
21076
21069
21064
21054
21052
21050
21049
21044
21041
21040
21039
21036
21032
21016
20991
20986
20982
20977
20958
20957
20957
20939
20930
20929
20920
20910
20892
20891
20882
20874
20865
20864
20850
20847
20846
20843
20843
20836
20826
20801
20796
20783
20782
20773
20763
20760
20744
20743
20742
20736
20733
20730
20717
20715
20711
20708
20703
20695
20691
20686
20676
20673
20665
20663
20659
20651
20651
20638
20623
20620
20599
20590
20589
20583
20570
20551
20532
20521
20516
20498
20492
20492
20489
20482
20482
20471
20470
20468
20456
20443
20441
20441
20438
20429
20426
20411
20398
20384
20380
20379
20378
20377
20372
20370
20368
20366
20366
20364
20362
20354
20346
20334
20329
20329
20325
20309
20306
20302
20294
20291
20284
20280
20280
20278
20277
20275
20263
20248
20247
20237
20228
20222
20213
20200
20191
20191
20191
20186
20180
20179
20151
20149
20127
20125
20124
20117
20111
20092
20078
20061
20048
20043
20037
20035
20028
20020
20010
19999
19987
19985
19977
19965
19961
19958
19942
19941
19937
19932
19928
19928
19921
19920
19919
19911
19894
19884
19877
19876
19869
19858
19853
19844
19836
19834
19827
19824
19823
19816
19803
19778
19764
19763
19753
19753
19747
19743
19741
19739
19738
19737
19727
19725
19723
19721
19696
19695
19690
19688
19672
19661
19651
19634
19634
19622
19619
19618
19607
19602
19592
19574
19573
19570
19565
19561
19558
19544
19539
19537
19533
19530
19517
19516
19514
19498
19493
19492
19488
19478
19470
19466
19450
19443
19434
19434
19431
19416
19410
19409
19391
19390
19387
19387
19385
19382
19382
19378
19373
19366
19350
19337
19336
19330
19330
19320
19320
19309
19303
19302
19298
19298
19289
19285
19283
19278
19277
19270
19247
19247
19244
19241
19226
19202
19198
19179
19177
19169
19167
19151
19151
19140
19134
19130
19128
19126
19117
19111
19111
19099
19099
19092
19085
19074
19070
19064
19059
19055
19054
19046
19043
19035
19003
19001
19000
18994
18992
18991
18990
18988
18977
18976
18974
18968
18962
18955
18952
18947
18931
18930
18925
18918
18917
18911
18908
18900
18883
18881
18867
18866
18849
18849
18832
18828
18826
18825
18814
18806
18804
18801
18786
18783
18769
18768
18752
18747
18736
18734
18734
18730
18721
18703
18700
18693
18681
18675
18670
18666
18666
18654
18645
18616
18616
18608
18599
18597
18592
18585
18577
18572
18557
18549
18537
18531
18515
18502
18501
18498
18491
18482
18457
18450
18447
18439
18438
18436
18435
18432
18429
18426
18426
18404
18401
18400
18398
18388
18380
18376
18369
18365
18364
18363
18362
18355
18352
18351
18347
18342
18337
18330
18328
18318
18317
18316
18311
18289
18279
18277
18268
18249
18238
18227
18225
18212
18203
18193
18193
18184
18183
18179
18174
18173
18172
18169
18166
18159
18148
18137
18116
18113
18112
18111
18109
18097
18088
18083
18078
18063
18035
18033
18019
17998
17997
17974
17967
17965
17957
17944
17943
17939
17929
17927
17917
17913
17911
17908
17898
17896
17891
17873
17867
17866
17861
17858
17857
17844
17832
17832
17820
17819
17808
17807
17795
17792
17781
17771
17770
17763
17760
17757
17742
17740
17738
17730
17722
17710
17709
17702
17702
17696
17692
17689
17689
17684
17681
17679
17673
17669
17667
17665
17663
17658
17653
17650
17623
17612
17604
17603
17590
17587
17570
17564
17555
17555
17546
17546
17536
17534
17514
17504
17503
17489
17484
17478
17469
17469
17461
17455
17447
17447
17434
17433
17420
17408
17396
17391
17383
17382
17380
17379
17377
17375
17361
17353
17344
17337
17336
17333
17330
17328
17321
17321
17319
17309
17307
17300
17296
17291
17280
17273
17265
17261
17261
17258
17258
17233
17231
17230
17229
17226
17217
17216
17207
17200
17196
17190
17187
17184
17182
17175
17165
17155
17154
17150
17144
17144
17137
17133
17129
17118
17116
17110
17097
17093
17088
17077
17061
17053
17037
17035
17018
16991
16990
16979
16941
16936
16935
16930
16929
16927
16927
16886
16883
16866
16863
16857
16856
16851
16849
16845
16844
16837
16830
16828
16819
16803
16794
16792
16791
16788
16788
16785
16781
16779
16777
16762
16759
16750
16743
16739
16723
16706
16705
16694
16685
16677
16656
16645
16636
16632
16632
16625
16617
16612
16602
16595
16593
16584
16580
16577
16577
16577
16575
16569
16568
16567
16557
16555
16552
16546
16546
16537
16528
16527
16525
16524
16522
16521
16520
16513
16496
16492
16490
16486
16482
16476
16471
16460
16455
16450
16437
16437
16436
16411
16403
16396
16388
16387
16384
16373
16358
16357
16354
16346
16342
16334
16332
16325
16324
16321
16311
16308
16295
16286
16284
16272
16258
16256
16251
16248
16244
16240
16235
16226
16222
16212
16203
16197
16185
16177
16157
16157
16151
16145
16141
16133
16127
16127
16125
16113
16107
16097
16090
16074
16058
16046
16037
16033
16009
16003
16002
15992
15989
15987
15987
15972
15967
15953
15943
15937
15928
15926
15920
15898
15897
15896
15884
15883
15864
15862
15859
15835
15831
15822
15810
15806
15791
15789
15766
15762
15755
15753
15745
15735
15720
15718
15712
15709
15708
15707
15700
15698
15691
15682
15675
15674
15659
15647
15646
15643
15638
15634
15627
15620
15620
15606
15602
15592
15588
15580
15579
15550
15542
15539
15502
15501
15501
15498
15494
15493
15479
15477
15462
15457
15452
15451
15447
15447
15438
15421
15419
15419
15416
15408
15407
15403
15400
15398
15397
15397
15388
15359
15350
15348
15341
15337
15335
15327
15323
15315
15310
15310
15305
15304
15304
15302
15294
15293
15289
15282
15270
15263
15261
15248
15243
15241
15241
15240
15233
15232
15225
15213
15213
15200
15196
15196
15190
15186
15166
15164
15163
15145
15139
15138
15135
15132
15123
15120
15114
15113
15113
15107
15103
15098
15088
15075
15071
15057
15049
15049
15043
15041
15040
15035
15032
15025
15023
15017
15006
15002
14991
14986
14983
14981
14980
14977
14972
14963
14951
14946
14943
14943
14936
14930
14929
14919
14918
14916
14904
14894
14880
14866
14854
14852
14849
14843
14842
14829
14826
14825
14822
14793
14792
14792
14779
14776
14769
14761
14759
14750
14738
14734
14725
14721
14720
14717
14716
14713
14710
14709
14703
14700
14691
14677
14675
14666
14660
14655
14652
14651
14643
14639
14637
14635
14634
14622
14618
14617
14613
14604
14598
14596
14591
14590
14573
14566
14566
14561
14549
14545
14511
14504
14488
14486
14479
14457
14453
14439
14438
14435
14434
14434
14433
14425
14420
14417
14413
14384
14380
14368
14354
14342
14320
14319
14315
14303
14302
14298
14282
14270
14260
14256
14253
14252
14246
14222
14213
14204
14188
14185
14185
14184
14184
14174
14166
14157
14156
14149
14123
14121
14120
14116
14106
14104
14097
14088
14085
14081
14071
14052
14034
14031
14031
14024
14019
14001
13996
13974
13971
13970
13919
13908
13890
13881
13879
13868
13860
13856
13852
13850
13842
13830
13819
13810
13792
13788
13787
13771
13765
13758
13752
13743
13743
13737
13735
13734
13714
13708
13704
13698
13687
13683
13676
13672
13650
13649
13649
13645
13641
13641
13641
13622
13617
13616
13585
13571
13570
13564
13563
13563
13560
13558
13544
13536
13535
13531
13528
13517
13516
13502
13493
13488
13480
13473
13467
13456
13449
13449
13446
13446
13437
13435
13432
13432
13424
13411
13408
13401
13389
13383
13377
13375
13374
13368
13366
13364
13356
13353
13344
13338
13335
13334
13330
13314
13309
13305
13291
13290
13285
13280
13278
13266
13265
13264
13257
13251
13242
13242
13234
13225
13217
13212
13206
13201
13201
13190
13186
13182
13177
13170
13155
13150
13149
13147
13140
13139
13129
13128
13124
13120
13104
13091
13089
13072
13064
13064
13064
13056
13054
13048
13047
13041
13037
13036
13028
13026
13012
13010
12986
12984
12984
12971
12967
12955
12946
12940
12938
12937
12927
12915
12914
12913
12901
12888
12881
12879
12879
12860
12860
12844
12839
12838
12828
12823
12822
12822
12817
12816
12815
12795
12794
12793
12792
12787
12778
12772
12770
12766
12764
12750
12747
12742
12737
12731
12730
12728
12709
12705
12704
12701
12700
12678
12668
12660
12650
12649
12638
12637
12630
12627
12621
12615
12614
12608
12607
12604
12589
12587
12585
12583
12554
12553
12550
12546
12542
12541
12535
12531
12523
12512
12506
12504
12501
12498
12471
12462
12460
12452
12451
12440
12437
12427
12414
12396
12388
12388
12373
12367
12367
12361
12360
12354
12352
12350
12332
12329
12328
12325
12322
12314
12313
12313
12313
12292
12270
12265
12257
12254
12231
12231
12212
12212
12211
12201
12179
12165
12163
12150
12149
12147
12145
12131
12116
12108
12105
12104
12068
12048
12047
12038
12025
12022
12000
11990
11977
11975
11956
11954
11952
11937
11932
11930
11920
11919
11917
11910
11903
11893
11883
11879
11872
11859
11848
11839
11834
11834
11827
11826
11809
11793
11777
11774
11755
11755
11740
11737
11720
11701
11699
11699
11699
11689
11686
11685
11680
11680
11676
11673
11662
11661
11657
11654
11654
11609
11579
11570
11569
11566
11558
11556
11556
11555
11550
11536
11530
11529
11526
11526
11507
11481
11472
11456
11452
11449
11448
11447
11430
11427
11423
11420
11420
11419
11419
11417
11411
11406
11402
11401
11397
11392
11375
11365
11349
11340
11332
11331
11329
11324
11317
11305
11292
11292
11286
11283
11281
11272
11267
11266
11262
11255
11232
11208
11208
11184
11180
11171
11166
11165
11165
11160
11153
11141
11141
11137
11129
11128
11128
11125
11125
11120
11112
11099
11091
11088
11084
11080
11080
11073
11068
11068
11063
11052
11042
11041
11034
11027
11023
11019
11017
11015
10997
10996
10980
10967
10962
10957
10950
10947
10938
10938
10936
10935
10933
10926
10912
10889
10871
10865
10861
10848
10848
10844
10841
10835
10834
10831
10813
10808
10806
10799
10788
10774
10766
10753
10748
10748
10744
10737
10729
10716
10713
10713
10711
10705
10693
10690
10684
10664
10659
10637
10637
10622
10619
10609
10600
10593
10590
10583
10570
10557
10555
10549
10544
10534
10533
10523
10518
10512
10503
10501
10484
10482
10474
10471
10470
10467
10465
10464
10459
10441
10436
10424
10423
10422
10404
10395
10391
10388
10388
10387
10386
10384
10378
10377
10377
10376
10370
10349
10347
10342
10337
10328
10325
10324
10324
10322
10316
10308
10300
10298
10286
10284
10267
10261
10252
10247
10246
10246
10245
10238
10235
10203
10197
10187
10184
10160
10155
10154
10149
10144
10144
10140
10136
10117
10108
10102
10094
10091
10085
10064
10061
10059
10052
10046
10036
10034
10034
10032
10030
10030
10015
10012
9995
9993
9992
9987
9978
9977
9974
9970
9954
9953
9950
9949
9929
9923
9911
9899
9879
9876
9869
9855
9852
9849
9843
9812
9808
9803
9801
9781
9769
9765
9761
9754
9753
9748
9734
9718
9718
9709
9706
9679
9658
9658
9642
9631
9631
9631
9612
9611
9609
9605
9557
9544
9541
9534
9528
9524
9521
9517
9511
9511
9508
9503
9497
9493
9493
9481
9471
9465
9464
9461
9458
9457
9448
9447
9441
9440
9434
9431
9429
9420
9416
9414
9409
9403
9403
9390
9388
9385
9384
9378
9374
9373
9371
9363
9353
9337
9333
9328
9326
9326
9318
9308
9304
9304
9303
9293
9252
9247
9217
9206
9205
9201
9191
9185
9176
9166
9162
9144
9138
9129
9128
9122
9115
9105
9105
9100
9099
9097
9095
9091
9080
9069
9068
9057
9054
9043
9040
9032
9022
9011
9010
8990
8980
8978
8971
8970
8964
8922
8916
8905
8897
8889
8876
8872
8857
8852
8850
8837
8826
8825
8824
8806
8774
8762
8752
8748
8747
8747
8742
8741
8739
8730
8722
8712
8709
8698
8692
8671
8669
8668
8665
8663
8660
8647
8645
8645
8645
8638
8624
8621
8605
8596
8591
8584
8583
8577
8572
8565
8555
8547
8546
8546
8545
8544
8542
8533
8527
8524
8520
8508
8500
8478
8462
8459
8458
8453
8441
8426
8419
8418
8416
8414
8408
8405
8400
8393
8374
8370
8363
8361
8356
8354
8354
8345
8329
8327
8315
8303
8302
8299
8298
8297
8293
8292
8282
8281
8267
8255
8254
8254
8250
8247
8229
8213
8213
8208
8197
8169
8167
8166
8166
8156
8156
8147
8141
8138
8122
8121
8117
8115
8112
8111
8103
8098
8098
8092
8092
8092
8090
8082
8057
8052
8050
8048
8047
8046
8043
8041
8038
8034
8027
8025
8024
8021
8019
8012
8012
8006
8000
7999
7993
7986
7978
7974
7971
7964
7961
7959
7953
7947
7934
7929
7926
7924
7916
7913
7913
7906
7900
7896
7893
7866
7862
7862
7861
7860
7860
7844
7839
7831
7806
7804
7801
7790
7788
7788
7786
7769
7765
7763
7757
7757
7755
7747
7736
7696
7681
7678
7659
7641
7635
7634
7624
7623
7620
7620
7617
7608
7603
7587
7574
7574
7568
7565
7564
7560
7558
7556
7554
7553
7549
7545
7540
7540
7511
7494
7477
7474
7460
7455
7453
7441
7433
7424
7412
7409
7405
7405
7403
7402
7399
7398
7386
7386
7372
7369
7343
7334
7328
7322
7314
7299
7288
7273
7269
7267
7267
7261
7259
7253
7248
7245
7241
7235
7233
7227
7221
7217
7201
7198
7197
7189
7184
7171
7168
7166
7157
7143
7141
7138
7133
7124
7121
7114
7103
7079
7076
7076
7075
7066
7058
7056
7048
7042
7038
7020
7019
7009
7008
7007
6989
6984
6981
6967
6960
6927
6924
6913
6912
6912
6907
6905
6894
6888
6885
6879
6870
6869
6864
6862
6860
6858
6845
6831
6822
6810
6802
6797
6783
6768
6762
6745
6735
6733
6718
6718
6717
6707
6706
6705
6703
6691
6687
6681
6668
6668
6667
6656
6646
6643
6634
6622
6616
6592
6592
6586
6582
6575
6569
6569
6565
6556
6553
6533
6530
6520
6520
6517
6506
6505
6503
6497
6493
6485
6480
6479
6474
6471
6460
6434
6431
6419
6417
6416
6413
6412
6406
6390
6389
6388
6361
6355
6349
6347
6336
6323
6309
6305
6301
6283
6281
6281
6275
6264
6262
6257
6257
6254
6254
6254
6245
6245
6230
6219
6209
6193
6193
6192
6190
6186
6185
6181
6181
6173
6171
6166
6161
6155
6142
6131
6091
6087
6084
6048
6040
6034
6026
6026
6016
6005
5993
5985
5975
5972
5964
5958
5952
5945
5936
5929
5919
5903
5891
5890
5883
5874
5872
5869
5869
5859
5855
5843
5840
5835
5827
5827
5824
5815
5808
5791
5784
5782
5771
5769
5767
5759
5758
5743
5739
5731
5728
5726
5725
5723
5709
5703
5700
5695
5695
5689
5681
5677
5670
5668
5666
5655
5649
5625
5624
5620
5613
5613
5612
5604
5583
5574
5572
5565
5543
5535
5523
5518
5510
5505
5504
5500
5498
5491
5487
5484
5482
5480
5477
5451
5447
5434
5426
5420
5415
5410
5404
5399
5393
5376
5375
5373
5373
5359
5341
5335
5335
5315
5312
5305
5303
5303
5299
5294
5249
5247
5242
5224
5209
5158
5148
5144
5133
5132
5129
5129
5114
5110
5110
5087
5087
5083
5062
5054
5040
5039
5038
5034
5029
5025
5024
5024
5016
5009
5009
5003
4998
4994
4985
4967
4952
4935
4930
4924
4921
4917
4894
4881
4880
4871
4860
4835
4828
4823
4822
4820
4820
4809
4806
4804
4790
4787
4763
4745
4736
4733
4727
4706
4706
4699
4683
4679
4678
4676
4643
4636
4633
4633
4629
4616
4615
4607
4606
4602
4591
4588
4587
4586
4585
4583
4576
4570
4569
4564
4561
4553
4529
4529
4517
4516
4504
4500
4498
4471
4461
4460
4459
4459
4458
4447
4440
4434
4422
4414
4412
4412
4403
4392
4389
4385
4377
4375
4363
4362
4348
4344
4341
4324
4323
4315
4300
4296
4288
4288
4279
4272
4262
4256
4243
4239
4236
4233
4226
4226
4222
4213
4197
4178
4158
4155
4142
4142
4128
4127
4121
4118
4105
4104
4099
4088
4087
4085
4084
4079
4073
4069
4063
4049
4048
4046
4043
4039
4035
4034
4028
4015
4004
4004
4002
4002
3976
3961
3938
3927
3922
3922
3893
3882
3864
3864
3863
3856
3854
3848
3843
3838
3833
3832
3831
3829
3826
3819
3818
3815
3813
3812
3811
3798
3798
3798
3795
3794
3790
3779
3777
3770
3760
3748
3745
3740
3738
3730
3726
3725
3720
3719
3718
3697
3691
3674
3660
3656
3650
3648
3644
3626
3625
3624
3614
3608
3602
3595
3594
3589
3582
3581
3571
3569
3566
3564
3563
3561
3561
3555
3549
3542
3536
3526
3519
3518
3496
3489
3487
3483
3472
3471
3469
3446
3441
3441
3429
3424
3411
3411
3403
3396
3388
3383
3383
3380
3379
3367
3367
3365
3364
3354
3338
3328
3302
3282
3255
3244
3237
3234
3232
3228
3219
3215
3213
3210
3204
3187
3179
3167
3162
3148
3145
3137
3131
3126
3125
3125
3123
3121
3111
3110
3106
3091
3090
3088
3086
3062
3062
3056
3055
3052
2998
2990
2990
2987
2986
2979
2977
2969
2969
2959
2950
2946
2945
2943
2941
2935
2924
2918
2918
2918
2906
2903
2894
2891
2876
2869
2865
2847
2842
2831
2831
2828
2822
2817
2815
2813
2808
2807
2806
2799
2797
2785
2785
2781
2771
2752
2751
2732
2717
2714
2713
2710
2669
2669
2667
2666
2663
2661
2641
2624
2624
2623
2615
2605
2599
2599
2595
2587
2584
2583
2583
2582
2582
2567
2542
2539
2537
2535
2523
2520
2520
2516
2508
2505
2504
2501
2481
2477
2473
2470
2455
2451
2447
2436
2432
2422
2419
2416
2415
2407
2406
2394
2393
2392
2391
2385
2371
2362
2361
2356
2355
2355
2347
2335
2329
2325
2310
2297
2288
2277
2272
2266
2261
2260
2253
2246
2240
2234
2194
2193
2187
2172
2167
2164
2145
2138
2120
2118
2117
2111
2099
2091
2090
2080
2076
2074
2055
2055
2053
2048
2033
2018
2008
2007
2004
1994
1983
1976
1970
1966
1929
1920
1914
1911
1907
1905
1896
1896
1894
1877
1876
1868
1863
1860
1854
1846
1844
1836
1822
1818
1814
1813
1809
1785
1775
1772
1768
1767
1765
1763
1754
1739
1719
1718
1715
1715
1710
1706
1702
1695
1691
1690
1688
1682
1681
1681
1668
1654
1652
1644
1636
1627
1614
1614
1605
1600
1598
1595
1588
1572
1565
1558
1555
1535
1522
1516
1504
1500
1500
1499
1495
1494
1493
1481
1480
1476
1460
1452
1442
1441
1437
1424
1411
1400
1396
1377
1375
1361
1359
1354
1345
1333
1318
1313
1311
1309
1306
1306
1305
1300
1293
1289
1266
1259
1236
1213
1213
1201
1193
1175
1170
1166
1142
1136
1125
1122
1104
1100
1091
1086
1081
1076
1070
1068
1063
1063
1055
1044
1028
1020
1015
1013
1009
1003
992
991
991
987
982
978
974
974
971
960
948
947
939
927
911
904
889
887
885
873
870
862
849
848
837
833
828
827
820
813
810
803
781
773
770
763
757
757
751
740
738
735
729
724
722
716
708
708
707
702
701
700
699
695
691
678
676
673
658
658
655
638
630
630
629
618
616
610
606
606
602
596
595
591
578
564
563
563
561
550
532
529
514
492
481
465
463
462
454
454
443
437
435
428
416
414
408
408
399
359
354
348
340
340
334
332
329
321
320
320
317
313
294
294
291
290
289
283
282
273
272
271
266
241
240
238
234
228
227
222
222
222
209
196
196
182
177
170
164
159
157
149
148
134
115
111
100
97
97
80
74
71
42
38
32
32
26
24
24
19
-1
-4
-10
-34
-60
-68
-68
-69
-80
-103
-106
-113
-113
-114
-117
-117
-141
-147
-150
-157
-159
-172
-177
-180
-191
-204
-214
-245
-266
-275
-277
-287
-288
-291
-294
-309
-310
-315
-318
-320
-320
-329
-330
-337
-342
-347
-349
-350
-360
-364
-371
-376
-396
-398
-408
-413
-415
-418
-421
-429
-437
-438
-442
-461
-461
-469
-471
-476
-482
-486
-488
-489
-491
-503
-507
-523
-529
-532
-536
-546
-552
-555
-555
-562
-573
-583
-588
-591
-602
-607
-620
-627
-634
-636
-637
-639
-652
-652
-653
-655
-665
-672
-676
-679
-685
-696
-717
-717
-717
-730
-732
-742
-757
-760
-762
-764
-766
-770
-772
-779
-781
-790
-793
-795
-800
-801
-806
-818
-827
-831
-835
-843
-864
-865
-871
-874
-880
-885
-889
-890
-903
-917
-925
-930
-933
-959
-969
-981
-983
-985
-1017
-1026
-1034
-1034
-1047
-1050
-1061
-1108
-1111
-1113
-1114
-1118
-1120
-1129
-1134
-1141
-1160
-1167
-1180
-1181
-1187
-1187
-1202
-1210
-1218
-1229
-1236
-1251
-1255
-1256
-1260
-1267
-1276
-1287
-1288
-1296
-1302
-1303
-1304
-1306
-1308
-1309
-1317
-1317
-1327
-1330
-1338
-1340
-1340
-1362
-1365
-1372
-1373
-1373
-1378
-1413
-1424
-1447
-1448
-1449
-1450
-1458
-1464
-1486
-1507
-1513
-1531
-1538
-1544
-1553
-1556
-1562
-1562
-1576
-1579
-1582
-1583
-1589
-1595
-1600
-1603
-1613
-1621
-1622
-1631
-1634
-1637
-1647
-1662
-1670
-1677
-1679
-1680
-1690
-1691
-1695
-1703
-1704
-1706
-1714
-1716
-1718
-1720
-1725
-1738
-1739
-1739
-1742
-1742
-1742
-1748
-1782
-1784
-1797
-1805
-1807
-1824
-1825
-1840
-1847
-1869
-1872
-1889
-1896
-1898
-1903
-1905
-1926
-1927
-1927
-1931
-1937
-1939
-1940
-1942
-1945
-1948
-1952
-1956
-1961
-1973
-1976
-1977
-1985
-1986
-1995
-1997
-1997
-1998
-2000
-2002
-2008
-2021
-2022
-2025
-2032
-2036
-2065
-2070
-2072
-2072
-2073
-2074
-2076
-2093
-2129
-2130
-2130
-2142
-2143
-2150
-2154
-2165
-2167
-2168
-2169
-2183
-2183
-2190
-2192
-2194
-2203
-2203
-2204
-2206
-2208
-2211
-2213
-2220
-2222
-2222
-2222
-2223
-2224
-2246
-2254
-2256
-2258
-2268
-2292
-2311
-2323
-2329
-2329
-2332
-2334
-2343
-2357
-2367
-2374
-2379
-2385
-2390
-2396
-2404
-2414
-2420
-2435
-2437
-2457
-2457
-2459
-2465
-2471
-2475
-2478
-2481
-2491
-2496
-2500
-2502
-2505
-2516
-2521
-2526
-2528
-2536
-2540
-2542
-2545
-2547
-2558
-2559
-2559
-2564
-2565
-2569
-2596
-2599
-2603
-2606
-2607
-2612
-2624
-2642
-2642
-2644
-2646
-2651
-2652
-2667
-2668
-2674
-2683
-2686
-2693
-2694
-2694
-2716
-2722
-2727
-2732
-2749
-2749
-2757
-2759
-2762
-2762
-2764
-2769
-2772
-2777
-2783
-2794
-2800
-2802
-2815
-2826
-2838
-2839
-2848
-2852
-2853
-2856
-2877
-2887
-2902
-2928
-2939
-2943
-2947
-2950
-2953
-2958
-2958
-2959
-2970
-2972
-2974
-2975
-2977
-3013
-3034
-3039
-3047
-3047
-3058
-3066
-3084
-3095
-3097
-3105
-3116
-3128
-3144
-3150
-3151
-3157
-3162
-3166
-3169
-3210
-3214
-3224
-3224
-3255
-3257
-3257
-3263
-3276
-3278
-3280
-3283
-3286
-3288
-3297
-3301
-3302
-3312
-3313
-3318
-3319
-3331
-3356
-3357
-3357
-3370
-3371
-3373
-3374
-3378
-3381
-3391
-3400
-3408
-3408
-3410
-3421
-3422
-3433
-3437
-3445
-3447
-3452
-3456
-3457
-3476
-3497
-3498
-3523
-3528
-3528
-3529
-3535
-3551
-3552
-3560
-3562
-3563
-3572
-3597
-3602
-3603
-3619
-3624
-3637
-3639
-3653
-3659
-3673
-3684
-3688
-3693
-3698
-3710
-3738
-3753
-3757
-3760
-3761
-3762
-3764
-3769
-3774
-3786
-3798
-3823
-3824
-3831
-3838
-3845
-3850
-3855
-3862
-3869
-3875
-3899
-3919
-3924
-3928
-3930
-3932
-3934
-3935
-3937
-3945
-3945
-3947
-3956
-3959
-3960
-3970
-3980
-3988
-3989
-3990
-3991
-3992
-3995
-4004
-4005
-4006
-4006
-4023
-4026
-4029
-4029
-4035
-4038
-4047
-4055
-4057
-4061
-4078
-4088
-4092
-4096
-4107
-4108
-4116
-4116
-4118
-4121
-4123
-4127
-4134
-4143
-4145
-4153
-4155
-4166
-4166
-4167
-4169
-4179
-4185
-4198
-4209
-4214
-4228
-4229
-4234
-4250
-4251
-4264
-4265
-4268
-4278
-4284
-4291
-4296
-4301
-4318
-4324
-4337
-4338
-4340
-4343
-4343
-4344
-4358
-4368
-4375
-4376
-4377
-4380
-4392
-4392
-4394
-4394
-4397
-4398
-4406
-4409
-4410
-4410
-4412
-4422
-4425
-4439
-4440
-4444
-4444
-4446
-4448
-4448
-4458
-4459
-4461
-4468
-4473
-4476
-4484
-4493
-4495
-4505
-4508
-4509
-4509
-4520
-4522
-4563
-4566
-4567
-4568
-4573
-4576
-4585
-4587
-4592
-4592
-4595
-4596
-4599
-4604
-4605
-4610
-4614
-4619
-4627
-4640
-4641
-4650
-4651
-4652
-4665
-4665
-4665
-4698
-4701
-4702
-4702
-4703
-4704
-4713
-4725
-4733
-4736
-4740
-4742
-4742
-4757
-4759
-4764
-4769
-4775
-4783
-4787
-4800
-4802
-4802
-4805
-4805
-4811
-4819
-4823
-4824
-4830
-4833
-4838
-4844
-4853
-4860
-4871
-4878
-4878
-4884
-4887
-4895
-4899
-4922
-4937
-4944
-4952
-4966
-4975
-4988
-4995
-5008
-5020
-5031
-5033
-5034
-5051
-5058
-5059
-5061
-5061
-5068
-5081
-5082
-5084
-5096
-5102
-5111
-5116
-5130
-5130
-5139
-5142
-5142
-5157
-5166
-5179
-5180
-5186
-5189
-5194
-5200
-5210
-5214
-5214
-5221
-5221
-5230
-5234
-5236
-5253
-5256
-5260
-5262
-5264
-5269
-5276
-5281
-5288
-5296
-5313
-5314
-5316
-5317
-5330
-5336
-5356
-5362
-5369
-5378
-5383
-5385
-5397
-5401
-5414
-5415
-5418
-5429
-5434
-5448
-5455
-5457
-5465
-5468
-5475
-5477
-5483
-5483
-5492
-5501
-5534
-5537
-5544
-5556
-5562
-5569
-5576
-5577
-5586
-5607
-5622
-5622
-5628
-5630
-5635
-5639
-5640
-5644
-5653
-5661
-5664
-5668
-5700
-5719
-5721
-5722
-5726
-5737
-5738
-5742
-5746
-5750
-5751
-5756
-5764
-5766
-5769
-5770
-5772
-5774
-5781
-5793
-5810
-5817
-5834
-5843
-5843
-5847
-5856
-5862
-5863
-5867
-5867
-5869
-5876
-5880
-5888
-5907
-5913
-5921
-5943
-5949
-5962
-5963
-5965
-5989
-5989
-6005
-6009
-6011
-6015
-6020
-6021
-6025
-6026
-6034
-6035
-6041
-6045
-6051
-6063
-6073
-6076
-6079
-6085
-6089
-6105
-6110
-6112
-6116
-6122
-6127
-6129
-6137
-6145
-6153
-6155
-6158
-6172
-6177
-6178
-6185
-6185
-6190
-6198
-6199
-6213
-6218
-6220
-6220
-6225
-6226
-6226
-6240
-6263
-6264
-6285
-6286
-6289
-6290
-6292
-6295
-6298
-6313
-6320
-6322
-6324
-6331
-6355
-6355
-6356
-6361
-6371
-6371
-6374
-6378
-6379
-6392
-6395
-6409
-6421
-6424
-6429
-6430
-6437
-6453
-6455
-6455
-6458
-6463
-6472
-6476
-6481
-6492
-6493
-6505
-6506
-6506
-6513
-6520
-6532
-6558
-6563
-6565
-6566
-6574
-6577
-6578
-6578
-6596
-6599
-6604
-6606
-6607
-6609
-6616
-6628
-6650
-6653
-6666
-6667
-6667
-6674
-6691
-6712
-6743
-6755
-6758
-6763
-6763
-6769
-6774
-6777
-6782
-6785
-6790
-6809
-6821
-6828
-6830
-6842
-6853
-6857
-6861
-6869
-6873
-6879
-6883
-6889
-6893
-6902
-6905
-6912
-6921
-6922
-6925
-6931
-6937
-6939
-6947
-6948
-6949
-6955
-6974
-6978
-6978
-6991
-6992
-7004
-7006
-7012
-7017
-7020
-7020
-7022
-7030
-7045
-7047
-7059
-7067
-7094
-7095
-7097
-7100
-7106
-7108
-7117
-7118
-7122
-7125
-7125
-7128
-7133
-7138
-7151
-7178
-7196
-7200
-7201
-7202
-7219
-7220
-7226
-7228
-7245
-7246
-7247
-7262
-7264
-7280
-7286
-7295
-7301
-7313
-7314
-7321
-7330
-7334
-7342
-7343
-7351
-7358
-7374
-7394
-7403
-7408
-7413
-7417
-7428
-7432
-7433
-7437
-7449
-7458
-7460
-7460
-7488
-7499
-7510
-7511
-7512
-7528
-7529
-7533
-7547
-7550
-7554
-7561
-7575
-7577
-7577
-7577
-7582
-7583
-7587
-7588
-7598
-7622
-7637
-7642
-7642
-7643
-7650
-7651
-7665
-7665
-7679
-7686
-7692
-7699
-7732
-7733
-7736
-7743
-7745
-7760
-7765
-7791
-7799
-7800
-7813
-7821
-7827
-7837
-7842
-7843
-7844
-7854
-7859
-7864
-7865
-7866
-7871
-7876
-7879
-7883
-7891
-7893
-7902
-7923
-7933
-7939
-7941
-7944
-7950
-7952
-7961
-7964
-7976
-7978
-7986
-7989
-7992
-7992
-7995
-8017
-8022
-8025
-8026
-8027
-8030
-8030
-8036
-8041
-8046
-8049
-8054
-8056
-8073
-8079
-8081
-8089
-8096
-8111
-8111
-8115
-8120
-8123
-8127
-8127
-8134
-8137
-8137
-8145
-8147
-8147
-8148
-8150
-8168
-8176
-8177
-8185
-8185
-8192
-8195
-8207
-8207
-8215
-8227
-8236
-8240
-8243
-8290
-8292
-8294
-8300
-8301
-8312
-8324
-8326
-8331
-8332
-8342
-8349
-8376
-8385
-8415
-8421
-8426
-8436
-8437
-8447
-8450
-8452
-8460
-8460
-8464
-8469
-8483
-8492
-8499
-8500
-8501
-8506
-8508
-8509
-8516
-8517
-8524
-8526
-8533
-8538
-8542
-8558
-8575
-8583
-8585
-8597
-8609
-8619
-8625
-8626
-8628
-8633
-8635
-8644
-8650
-8660
-8667
-8670
-8685
-8693
-8694
-8694
-8706
-8711
-8722
-8723
-8727
-8734
-8744
-8748
-8752
-8759
-8761
-8773
-8779
-8786
-8800
-8803
-8812
-8829
-8839
-8842
-8842
-8861
-8903
-8911
-8915
-8926
-8932
-8942
-8944
-8948
-8966
-8968
-8978
-8980
-8983
-8983
-8990
-8993
-8994
-8999
-9006
-9025
-9028
-9028
-9029
-9034
-9038
-9041
-9042
-9049
-9059
-9067
-9067
-9071
-9086
-9086
-9096
-9102
-9105
-9119
-9127
-9132
-9135
-9137
-9150
-9153
-9159
-9159
-9163
-9165
-9169
-9181
-9184
-9192
-9192
-9196
-9201
-9225
-9229
-9242
-9242
-9245
-9247
-9247
-9250
-9255
-9258
-9270
-9277
-9278
-9279
-9282
-9282
-9297
-9305
-9310
-9318
-9321
-9328
-9329
-9336
-9337
-9345
-9346
-9352
-9354
-9358
-9363
-9372
-9384
-9389
-9405
-9427
-9433
-9440
-9444
-9447
-9451
-9459
-9460
-9466
-9471
-9479
-9481
-9497
-9500
-9505
-9511
-9518
-9526
-9528
-9529
-9530
-9534
-9534
-9536
-9538
-9538
-9547
-9550
-9554
-9567
-9593
-9611
-9616
-9617
-9618
-9630
-9657
-9685
-9689
-9690
-9691
-9692
-9699
-9700
-9701
-9706
-9714
-9716
-9735
-9740
-9753
-9765
-9773
-9781
-9788
-9794
-9797
-9828
-9828
-9830
-9837
-9842
-9850
-9861
-9864
-9867
-9873
-9886
-9890
-9903
-9914
-9922
-9931
-9937
-9941
-9950
-9950
-9969
-9970
-9976
-9983
-9990
-9999
-10002
-10018
-10022
-10024
-10026
-10040
-10047
-10047
-10059
-10065
-10070
-10089
-10090
-10108
-10127
-10129
-10147
-10149
-10150
-10154
-10160
-10160
-10163
-10179
-10192
-10199
-10246
-10253
-10253
-10261
-10264
-10271
-10285
-10292
-10293
-10300
-10301
-10309
-10317
-10318
-10323
-10324
-10330
-10330
-10335
-10350
-10351
-10368
-10391
-10392
-10401
-10402
-10408
-10422
-10423
-10434
-10442
-10444
-10444
-10459
-10459
-10463
-10468
-10477
-10488
-10509
-10510
-10510
-10530
-10541
-10547
-10550
-10551
-10555
-10558
-10570
-10572
-10594
-10603
-10618
-10634
-10659
-10659
-10661
-10673
-10677
-10689
-10692
-10698
-10699
-10701
-10708
-10717
-10718
-10722
-10734
-10737
-10738
-10742
-10744
-10750
-10764
-10765
-10776
-10776
-10781
-10786
-10794
-10802
-10804
-10808
-10808
-10823
-10857
-10865
-10867
-10868
-10881
-10886
-10888
-10890
-10894
-10894
-10896
-10908
-10912
-10915
-10926
-10929
-10931
-10937
-10947
-10948
-10952
-10966
-10980
-10983
-10984
-10984
-10985
-10989
-11001
-11003
-11007
-11012
-11013
-11016
-11017
-11023
-11043
-11046
-11051
-11056
-11068
-11070
-11073
-11075
-11079
-11080
-11081
-11087
-11097
-11098
-11098
-11100
-11100
-11101
-11103
-11126
-11129
-11133
-11143
-11161
-11165
-11165
-11177
-11188
-11190
-11197
-11200
-11215
-11217
-11228
-11237
-11241
-11249
-11251
-11252
-11254
-11255
-11259
-11262
-11274
-11276
-11278
-11281
-11283
-11295
-11296
-11296
-11301
-11307
-11336
-11341
-11342
-11353
-11357
-11370
-11377
-11388
-11396
-11398
-11403
-11406
-11407
-11429
-11438
-11445
-11446
-11447
-11460
-11472
-11473
-11474
-11477
-11478
-11488
-11488
-11494
-11495
-11504
-11514
-11518
-11520
-11546
-11558
-11560
-11564
-11568
-11575
-11575
-11578
-11583
-11599
-11602
-11602
-11602
-11606
-11607
-11609
-11610
-11612
-11613
-11615
-11637
-11638
-11648
-11649
-11650
-11656
-11656
-11661
-11668
-11671
-11673
-11675
-11686
-11711
-11715
-11715
-11718
-11723
-11743
-11752
-11754
-11761
-11763
-11793
-11794
-11803
-11808
-11826
-11826
-11827
-11828
-11839
-11840
-11845
-11846
-11847
-11861
-11868
-11887
-11891
-11892
-11905
-11907
-11909
-11912
-11916
-11922
-11922
-11929
-11932
-11939
-11946
-11951
-11953
-11955
-11962
-11978
-11980
-11981
-11998
-11999
-11999
-12002
-12007
-12010
-12014
-12029
-12033
-12040
-12041
-12054
-12059
-12060
-12060
-12083
-12083
-12083
-12085
-12090
-12103
-12108
-12127
-12131
-12138
-12140
-12141
-12143
-12144
-12145
-12146
-12151
-12157
-12169
-12170
-12173
-12174
-12178
-12186
-12191
-12203
-12205
-12211
-12220
-12227
-12232
-12247
-12248
-12253
-12263
-12292
-12298
-12308
-12310
-12312
-12313
-12317
-12320
-12323
-12324
-12325
-12343
-12350
-12355
-12357
-12361
-12373
-12376
-12377
-12384
-12386
-12393
-12399
-12406
-12412
-12416
-12416
-12440
-12459
-12459
-12467
-12476
-12479
-12482
-12482
-12486
-12502
-12504
-12507
-12512
-12514
-12517
-12533
-12538
-12548
-12548
-12553
-12562
-12571
-12573
-12575
-12586
-12592
-12607
-12611
-12614
-12615
-12622
-12629
-12669
-12671
-12678
-12680
-12688
-12695
-12696
-12697
-12698
-12700
-12701
-12708
-12717
-12726
-12734
-12749
-12765
-12777
-12795
-12797
-12801
-12803
-12810
-12812
-12812
-12817
-12825
-12825
-12835
-12860
-12862
-12869
-12881
-12883
-12887
-12888
-12894
-12908
-12916
-12918
-12923
-12924
-12928
-12936
-12943
-12944
-12946
-12957
-12958
-12963
-12967
-12969
-12969
-12974
-12980
-12983
-12984
-12984
-12996
-13011
-13014
-13019
-13022
-13024
-13039
-13047
-13052
-13052
-13055
-13062
-13066
-13068
-13073
-13082
-13083
-13093
-13094
-13100
-13103
-13105
-13105
-13112
-13116
-13127
-13131
-13131
-13132
-13134
-13136
-13139
-13144
-13150
-13154
-13159
-13161
-13163
-13165
-13167
-13178
-13183
-13188
-13190
-13201
-13201
-13214
-13219
-13234
-13240
-13241
-13256
-13265
-13275
-13281
-13289
-13291
-13298
-13301
-13301
-13329
-13332
-13337
-13344
-13346
-13347
-13353
-13363
-13366
-13378
-13381
-13382
-13384
-13386
-13394
-13397
-13402
-13404
-13415
-13416
-13421
-13438
-13441
-13456
-13485
-13489
-13491
-13492
-13492
-13499
-13500
-13501
-13521
-13531
-13561
-13563
-13568
-13572
-13582
-13584
-13618
-13619
-13621
-13630
-13634
-13647
-13653
-13658
-13665
-13668
-13679
-13700
-13708
-13714
-13722
-13724
-13726
-13726
-13743
-13745
-13768
-13773
-13782
-13791
-13813
-13818
-13820
-13827
-13828
-13833
-13836
-13836
-13837
-13841
-13855
-13868
-13868
-13877
-13884
-13885
-13887
-13891
-13895
-13916
-13937
-13951
-13954
-13977
-13977
-13983
-13984
-13987
-14007
-14010
-14030
-14030
-14037
-14039
-14047
-14047
-14061
-14064
-14066
-14069
-14078
-14082
-14086
-14093
-14094
-14096
-14118
-14119
-14125
-14131
-14132
-14139
-14140
-14151
-14161
-14162
-14165
-14166
-14174
-14181
-14215
-14219
-14221
-14224
-14237
-14240
-14241
-14241
-14252
-14263
-14265
-14266
-14267
-14270
-14271
-14276
-14282
-14283
-14285
-14288
-14290
-14291
-14292
-14306
-14307
-14308
-14310
-14321
-14337
-14339
-14345
-14345
-14348
-14348
-14355
-14357
-14362
-14369
-14377
-14384
-14387
-14397
-14402
-14409
-14411
-14412
-14426
-14450
-14460
-14463
-14463
-14470
-14471
-14476
-14478
-14479
-14490
-14495
-14497
-14500
-14503
-14508
-14508
-14508
-14515
-14516
-14517
-14522
-14539
-14542
-14550
-14551
-14553
-14554
-14558
-14559
-14561
-14573
-14576
-14577
-14591
-14593
-14619
-14629
-14630
-14630
-14635
-14636
-14637
-14638
-14650
-14653
-14653
-14657
-14659
-14665
-14672
-14683
-14684
-14686
-14695
-14703
-14704
-14733
-14747
-14747
-14758
-14772
-14773
-14776
-14781
-14794
-14808
-14826
-14841
-14849
-14857
-14861
-14865
-14866
-14866
-14882
-14887
-14887
-14888
-14892
-14896
-14897
-14897
-14897
-14903
-14907
-14917
-14920
-14922
-14929
-14930
-14945
-14950
-14950
-14960
-14973
-14976
-14982
-14983
-14983
-14987
-14998
-15006
-15007
-15008
-15009
-15025
-15026
-15030
-15040
-15046
-15056
-15060
-15069
-15070
-15081
-15106
-15109
-15111
-15113
-15114
-15115
-15119
-15119
-15121
-15125
-15136
-15139
-15146
-15147
-15148
-15149
-15150
-15151
-15156
-15165
-15167
-15175
-15180
-15180
-15192
-15195
-15231
-15241
-15241
-15242
-15249
-15251
-15254
-15259
-15272
-15272
-15273
-15292
-15293
-15297
-15298
-15304
-15307
-15309
-15337
-15340
-15343
-15345
-15353
-15356
-15358
-15362
-15367
-15368
-15371
-15380
-15390
-15394
-15398
-15422
-15424
-15427
-15430
-15431
-15440
-15441
-15449
-15454
-15457
-15463
-15469
-15482
-15488
-15495
-15504
-15506
-15508
-15516
-15518
-15544
-15544
-15547
-15553
-15553
-15563
-15567
-15580
-15588
-15595
-15598
-15602
-15604
-15605
-15631
-15638
-15638
-15642
-15645
-15647
-15663
-15664
-15664
-15671
-15676
-15678
-15680
-15684
-15696
-15696
-15714
-15722
-15728
-15731
-15734
-15735
-15743
-15763
-15769
-15772
-15774
-15784
-15815
-15817
-15822
-15825
-15833
-15854
-15856
-15858
-15876
-15879
-15890
-15892
-15900
-15921
-15928
-15934
-15938
-15942
-15943
-15948
-15949
-15969
-15970
-15972
-15994
-16003
-16004
-16018
-16027
-16028
-16030
-16031
-16038
-16042
-16049
-16051
-16053
-16056
-16058
-16064
-16067
-16067
-16070
-16070
-16086
-16108
-16108
-16110
-16110
-16113
-16114
-16115
-16116
-16130
-16135
-16135
-16142
-16145
-16147
-16156
-16161
-16165
-16166
-16170
-16173
-16175
-16184
-16187
-16193
-16198
-16201
-16205
-16215
-16230
-16234
-16237
-16238
-16243
-16250
-16250
-16253
-16258
-16261
-16267
-16278
-16281
-16288
-16295
-16297
-16306
-16310
-16311
-16336
-16342
-16356
-16357
-16361
-16374
-16386
-16394
-16408
-16416
-16432
-16434
-16440
-16447
-16449
-16459
-16460
-16476
-16477
-16492
-16497
-16506
-16511
-16514
-16529
-16529
-16538
-16542
-16543
-16562
-16566
-16567
-16568
-16585
-16587
-16591
-16591
-16593
-16595
-16610
-16611
-16617
-16617
-16623
-16629
-16633
-16634
-16638
-16647
-16648
-16653
-16653
-16657
-16659
-16664
-16666
-16673
-16685
-16692
-16692
-16698
-16705
-16710
-16710
-16713
-16717
-16719
-16725
-16736
-16737
-16746
-16757
-16763
-16769
-16774
-16781
-16783
-16795
-16800
-16800
-16814
-16815
-16824
-16836
-16846
-16854
-16870
-16871
-16876
-16876
-16883
-16900
-16913
-16924
-16929
-16929
-16931
-16938
-16947
-16954
-16967
-16974
-16977
-16985
-16985
-16990
-17004
-17006
-17008
-17009
-17013
-17014
-17015
-17026
-17028
-17031
-17032
-17033
-17041
-17042
-17058
-17059
-17059
-17068
-17072
-17073
-17074
-17089
-17090
-17096
-17105
-17109
-17117
-17120
-17133
-17137
-17140
-17163
-17173
-17175
-17196
-17197
-17202
-17212
-17216
-17230
-17239
-17253
-17256
-17267
-17277
-17284
-17292
-17303
-17305
-17306
-17311
-17320
-17322
-17332
-17332
-17332
-17367
-17368
-17383
-17393
-17398
-17401
-17408
-17417
-17437
-17446
-17447
-17448
-17451
-17455
-17457
-17469
-17469
-17474
-17476
-17478
-17480
-17480
-17481
-17483
-17493
-17507
-17507
-17525
-17531
-17532
-17547
-17553
-17563
-17564
-17575
-17576
-17586
-17587
-17596
-17604
-17606
-17624
-17633
-17642
-17656
-17670
-17678
-17679
-17681
-17683
-17685
-17685
-17702
-17703
-17703
-17751
-17753
-17759
-17760
-17764
-17765
-17773
-17782
-17786
-17791
-17795
-17807
-17819
-17828
-17829
-17830
-17834
-17834
-17843
-17853
-17868
-17870
-17873
-17881
-17883
-17885
-17887
-17911
-17926
-17934
-17941
-17945
-17951
-17963
-17969
-17986
-17991
-18007
-18008
-18014
-18017
-18021
-18030
-18032
-18054
-18078
-18079
-18083
-18086
-18086
-18088
-18096
-18103
-18111
-18115
-18122
-18143
-18147
-18148
-18158
-18164
-18174
-18175
-18176
-18187
-18222
-18222
-18225
-18226
-18229
-18241
-18245
-18247
-18248
-18248
-18261
-18261
-18267
-18283
-18288
-18290
-18291
-18296
-18305
-18306
-18316
-18319
-18321
-18324
-18326
-18328
-18333
-18337
-18339
-18341
-18343
-18344
-18349
-18352
-18375
-18375
-18380
-18388
-18391
-18423
-18423
-18437
-18439
-18457
-18457
-18464
-18466
-18467
-18472
-18477
-18523
-18542
-18545
-18553
-18562
-18581
-18589
-18598
-18605
-18625
-18675
-18691
-18702
-18711
-18713
-18725
-18740
-18748
-18753
-18770
-18772
-18779
-18794
-18800
-18804
-18808
-18808
-18818
-18822
-18830
-18845
-18848
-18851
-18860
-18860
-18864
-18864
-18892
-18896
-18896
-18898
-18931
-18932
-18933
-18934
-18936
-18947
-18949
-18951
-18958
-18982
-18989
-18992
-19009
-19009
-19012
-19014
-19018
-19019
-19028
-19042
-19048
-19056
-19056
-19061
-19067
-19072
-19076
-19078
-19090
-19101
-19110
-19121
-19127
-19140
-19142
-19147
-19147
-19148
-19149
-19156
-19167
-19168
-19179
-19187
-19188
-19188
-19190
-19193
-19203
-19203
-19207
-19209
-19214
-19218
-19221
-19224
-19230
-19232
-19235
-19241
-19269
-19269
-19277
-19281
-19285
-19315
-19321
-19331
-19333
-19336
-19365
-19366
-19370
-19379
-19387
-19388
-19399
-19399
-19399
-19401
-19403
-19407
-19410
-19421
-19426
-19431
-19440
-19443
-19460
-19480
-19491
-19494
-19503
-19503
-19519
-19520
-19526
-19528
-19530
-19531
-19542
-19542
-19542
-19559
-19560
-19564
-19568
-19577
-19578
-19583
-19598
-19605
-19608
-19615
-19622
-19626
-19627
-19628
-19638
-19642
-19665
-19672
-19679
-19688
-19698
-19701
-19711
-19745
-19745
-19750
-19750
-19756
-19772
-19773
-19781
-19786
-19788
-19802
-19807
-19808
-19838
-19855
-19869
-19876
-19877
-19877
-19887
-19898
-19923
-19929
-19932
-19945
-19948
-19949
-19953
-19953
-19954
-19959
-19960
-19962
-19969
-19975
-19980
-19986
-19987
-19988
-19992
-19992
-20023
-20028
-20046
-20053
-20054
-20056
-20063
-20063
-20068
-20069
-20069
-20074
-20080
-20080
-20087
-20088
-20102
-20109
-20114
-20115
-20128
-20129
-20129
-20134
-20135
-20137
-20140
-20146
-20152
-20156
-20161
-20166
-20170
-20170
-20176
-20180
-20185
-20189
-20190
-20200
-20201
-20203
-20207
-20209
-20209
-20221
-20227
-20228
-20229
-20232
-20240
-20273
-20280
-20282
-20286
-20294
-20297
-20297
-20300
-20315
-20315
-20346
-20352
-20352
-20361
-20366
-20370
-20371
-20387
-20388
-20388
-20388
-20390
-20399
-20404
-20432
-20433
-20443
-20445
-20449
-20453
-20461
-20464
-20468
-20476
-20477
-20481
-20488
-20489
-20500
-20508
-20515
-20535
-20536
-20543
-20567
-20572
-20576
-20585
-20614
-20626
-20630
-20641
-20647
-20654
-20657
-20659
-20675
-20682
-20684
-20685
-20689
-20698
-20699
-20710
-20711
-20730
-20732
-20740
-20742
-20745
-20754
-20756
-20758
-20762
-20765
-20767
-20768
-20774
-20778
-20781
-20782
-20785
-20794
-20807
-20815
-20820
-20822
-20826
-20860
-20863
-20867
-20868
-20878
-20881
-20881
-20883
-20884
-20900
-20909
-20913
-20917
-20931
-20941
-20943
-20946
-20969
-20970
-20971
-20976
-20979
-20982
-20994
-20996
-21006
-21007
-21013
-21026
-21027
-21028
-21054
-21058
-21067
-21079
-21083
-21094
-21106
-21115
-21118
-21120
-21125
-21135
-21140
-21143
-21147
-21149
-21152
-21155
-21167
-21172
-21194
-21194
-21198
-21216
-21219
-21228
-21233
-21234
-21237
-21252
-21258
-21278
-21289
-21295
-21302
-21334
-21358
-21360
-21368
-21376
-21394
-21398
-21405
-21411
-21416
-21434
-21440
-21448
-21460
-21464
-21465
-21466
-21469
-21470
-21477
-21483
-21487
-21527
-21527
-21537
-21542
-21544
-21547
-21550
-21551
-21557
-21564
-21570
-21573
-21589
-21593
-21598
-21599
-21599
-21603
-21623
-21629
-21629
-21633
-21636
-21639
-21641
-21654
-21654
-21658
-21658
-21669
-21690
-21694
-21695
-21705
-21706
-21716
-21719
-21720
-21727
-21736
-21737
-21742
-21748
-21772
-21785
-21785
-21793
-21793
-21794
-21794
-21798
-21800
-21802
-21813
-21814
-21816
-21818
-21832
-21843
-21852
-21857
-21859
-21860
-21863
-21865
-21871
-21873
-21876
-21878
-21884
-21885
-21895
-21899
-21907
-21917
-21926
-21945
-21953
-21955
-21960
-21966
-21975
-21980
-21983
-21988
-21989
-21999
-22008
-22009
-22009
-22011
-22019
-22023
-22025
-22026
-22034
-22040
-22043
-22049
-22053
-22056
-22060
-22061
-22070
-22070
-22073
-22076
-22082
-22083
-22087
-22092
-22098
-22107
-22111
-22116
-22118
-22123
-22123
-22130
-22133
-22143
-22146
-22152
-22156
-22159
-22168
-22176
-22187
-22209
-22210
-22212
-22214
-22220
-22225
-22234
-22251
-22253
-22260
-22261
-22266
-22268
-22274
-22282
-22291
-22294
-22303
-22305
-22306
-22308
-22321
-22327
-22341
-22342
-22343
-22355
-22358
-22368
-22371
-22383
-22390
-22411
-22412
-22419
-22419
-22429
-22429
-22433
-22434
-22435
-22437
-22443
-22445
-22461
-22471
-22485
-22487
-22496
-22516
-22526
-22526
-22537
-22546
-22552
-22558
-22581
-22583
-22602
-22602
-22607
-22608
-22609
-22626
-22631
-22638
-22644
-22659
-22664
-22669
-22670
-22672
-22685
-22688
-22690
-22694
-22697
-22697
-22701
-22705
-22706
-22719
-22734
-22738
-22738
-22745
-22760
-22763
-22764
-22765
-22776
-22778
-22781
-22817
-22825
-22831
-22843
-22849
-22856
-22857
-22868
-22869
-22874
-22875
-22892
-22909
-22909
-22926
-22931
-22935
-22940
-22942
-22952
-22954
-22959
-22970
-22989
-22989
-22991
-22995
-22996
-22997
-23008
-23008
-23014
-23015
-23020
-23021
-23022
-23029
-23030
-23034
-23038
-23041
-23050
-23078
-23084
-23087
-23091
-23105
-23120
-23130
-23131
-23137
-23139
-23163
-23164
-23172
-23180
-23182
-23189
-23190
-23192
-23196
-23197
-23197
-23212
-23217
-23226
-23240
-23241
-23253
-23254
-23255
-23268
-23271
-23273
-23288
-23288
-23293
-23294
-23296
-23296
-23314
-23315
-23321
-23325
-23332
-23341
-23342
-23343
-23349
-23351
-23364
-23365
-23375
-23379
-23394
-23396
-23406
-23417
-23427
-23428
-23435
-23442
-23448
-23451
-23461
-23467
-23478
-23480
-23483
-23492
-23492
-23500
-23503
-23511
-23512
-23513
-23515
-23517
-23519
-23521
-23531
-23538
-23547
-23547
-23560
-23581
-23582
-23593
-23603
-23621
-23622
-23636
-23638
-23641
-23645
-23649
-23651
-23666
-23673
-23681
-23682
-23688
-23690
-23691
-23721
-23721
-23742
-23756
-23771
-23780
-23782
-23791
-23793
-23802
-23802
-23815
-23818
-23824
-23824
-23824
-23832
-23841
-23842
-23852
-23856
-23857
-23863
-23869
-23871
-23872
-23877
-23890
-23897
-23902
-23906
-23925
-23929
-23931
-23933
-23933
-23939
-23940
-23943
-23954
-23960
-23962
-23974
-23992
-23993
-23995
-24004
-24013
-24027
-24032
-24035
-24038
-24038
-24042
-24049
-24052
-24058
-24077
-24085
-24089
-24091
-24093
-24096
-24107
-24113
-24117
-24118
-24119
-24126
-24127
-24134
-24137
-24143
-24143
-24144
-24152
-24158
-24196
-24205
-24208
-24210
-24218
-24218
-24236
-24246
-24257
-24257
-24258
-24259
-24261
-24266
-24269
-24273
-24275
-24275
-24280
-24289
-24295
-24309
-24316
-24321
-24326
-24334
-24337
-24346
-24347
-24356
-24360
-24366
-24378
-24381
-24382
-24386
-24388
-24401
-24411
-24411
-24419
-24430
-24431
-24446
-24446
-24452
-24509
-24513
-24513
-24515
-24520
-24529
-24530
-24536
-24544
-24552
-24558
-24560
-24563
-24569
-24571
-24584
-24587
-24589
-24595
-24597
-24611
-24633
-24650
-24654
-24667
-24672
-24676
-24680
-24683
-24697
-24698
-24699
-24703
-24704
-24711
-24712
-24719
-24735
-24735
-24747
-24750
-24755
-24757
-24773
-24773
-24786
-24796
-24800
-24812
-24813
-24815
-24833
-24840
-24849
-24850
-24855
-24858
-24867
-24869
-24872
-24873
-24875
-24878
-24895
-24903
-24909
-24914
-24920
-24929
-24942
-24943
-24947
-24949
-24952
-24955
-24955
-24959
-24962
-24976
-24979
-24982
-24987
-24992
-24994
-25003
-25009
-25018
-25018
-25018
-25033
-25034
-25036
-25038
-25042
-25047
-25052
-25068
-25071
-25072
-25074
-25076
-25077
-25087
-25094
-25097
-25098
-25101
-25110
-25111
-25124
-25130
-25138
-25147
-25148
-25152
-25156
-25169
-25180
-25187
-25191
-25193
-25194
-25197
-25200
-25227
-25230
-25235
-25240
-25242
-25248
-25252
-25254
-25265
-25279
-25280
-25292
-25293
-25298
-25300
-25302
-25307
-25308
-25314
-25316
-25318
-25331
-25332
-25334
-25335
-25336
-25338
-25346
-25350
-25365
-25379
-25390
-25395
-25422
-25428
-25430
-25430
-25433
-25436
-25439
-25450
-25452
-25454
-25457
-25458
-25460
-25470
-25481
-25482
-25483
-25498
-25499
-25501
-25502
-25502
-25502
-25504
-25507
-25508
-25516
-25532
-25538
-25543
-25554
-25557
-25559
-25563
-25568
-25570
-25570
-25603
-25604
-25610
-25617
-25617
-25621
-25626
-25632
-25639
-25660
-25675
-25682
-25689
-25691
-25692
-25692
-25693
-25696
-25698
-25706
-25711
-25719
-25724
-25728
-25730
-25737
-25745
-25745
-25752
-25756
-25759
-25766
-25772
-25777
-25783
-25792
-25794
-25802
-25816
-25820
-25821
-25822
-25825
-25826
-25838
-25850
-25851
-25858
-25861
-25862
-25866
-25871
-25871
-25872
-25876
-25886
-25887
-25889
-25899
-25904
-25907
-25909
-25913
-25915
-25929
-25938
-25945
-25954
-25958
-25965
-25968
-25975
-25979
-25981
-25985
-25992
-26001
-26001
-26006
-26007
-26010
-26021
-26028
-26032
-26049
-26054
-26063
-26069
-26083
-26086
-26087
-26088
-26090
-26090
-26094
-26102
-26107
-26117
-26143
-26151
-26152
-26185
-26195
-26196
-26200
-26204
-26210
-26213
-26226
-26226
-26232
-26240
-26254
-26262
-26263
-26284
-26286
-26287
-26293
-26297
-26307
-26309
-26311
-26312
-26323
-26324
-26327
-26327
-26334
-26339
-26343
-26362
-26369
-26372
-26383
-26383
-26390
-26396
-26402
-26410
-26421
-26433
-26435
-26443
-26449
-26450
-26455
-26464
-26466
-26470
-26471
-26479
-26483
-26493
-26494
-26496
-26508
-26511
-26512
-26520
-26540
-26544
-26579
-26587
-26603
-26610
-26617
-26627
-26643
-26652
-26656
-26669
-26676
-26686
-26701
-26703
-26708
-26709
-26711
-26723
-26730
-26759
-26763
-26766
-26766
-26775
-26779
-26781
-26796
-26796
-26798
-26799
-26809
-26828
-26846
-26861
-26863
-26867
-26867
-26873
-26876
-26878
-26878
-26881
-26882
-26883
-26885
-26887
-26896
-26896
-26903
-26908
-26909
-26921
-26922
-26933
-26938
-26941
-26945
-26952
-26954
-26958
-26959
-26969
-26987
-26988
-26989
-26996
-27017
-27019
-27020
-27031
-27037
-27041
-27047
-27057
-27058
-27071
-27072
-27077
-27086
-27087
-27091
-27096
-27096
-27099
-27099
-27105
-27106
-27112
-27117
-27122
-27122
-27122
-27126
-27130
-27131
-27134
-27146
-27155
-27157
-27162
-27165
-27170
-27183
-27184
-27188
-27189
-27198
-27205
-27213
-27214
-27218
-27222
-27222
-27233
-27236
-27242
-27247
-27254
-27258
-27300
-27303
-27306
-27318
-27326
-27332
-27348
-27375
-27384
-27385
-27394
-27395
-27397
-27401
-27412
-27415
-27423
-27424
-27424
-27425
-27425
-27426
-27446
-27446
-27449
-27451
-27452
-27474
-27478
-27503
-27504
-27505
-27513
-27514
-27517
-27530
-27535
-27536
-27547
-27558
-27559
-27567
-27572
-27575
-27583
-27584
-27586
-27587
-27600
-27607
-27615
-27620
-27630
-27652
-27652
-27660
-27666
-27668
-27676
-27703
-27709
-27719
-27722
-27734
-27738
-27741
-27743
-27746
-27753
-27757
-27770
-27773
-27779
-27784
-27795
-27803
-27803
-27809
-27822
-27830
-27830
-27834
-27860
-27867
-27873
-27894
-27895
-27908
-27909
-27912
-27916
-27919
-27920
-27962
-27963
-27966
-27966
-27981
-27982
-27985
-27985
-28008
-28015
-28017
-28019
-28028
-28028
-28034
-28034
-28037
-28039
-28060
-28062
-28072
-28072
-28073
-28074
-28077
-28079
-28089
-28092
-28094
-28098
-28100
-28105
-28113
-28119
-28119
-28138
-28138
-28146
-28149
-28149
-28156
-28165
-28165
-28167
-28171
-28172
-28187
-28197
-28208
-28208
-28216
-28217
-28223
-28226
-28230
-28241
-28253
-28257
-28262
-28279
-28288
-28290
-28291
-28292
-28294
-28296
-28308
-28314
-28337
-28338
-28345
-28347
-28349
-28351
-28354
-28358
-28360
-28361
-28368
-28378
-28384
-28387
-28387
-28392
-28402
-28405
-28439
-28447
-28472
-28476
-28476
-28478
-28479
-28502
-28510
-28512
-28540
-28542
-28551
-28562
-28566
-28570
-28583
-28583
-28590
-28606
-28610
-28626
-28628
-28638
-28656
-28669
-28671
-28679
-28683
-28689
-28692
-28701
-28706
-28724
-28725
-28738
-28745
-28750
-28751
-28756
-28767
-28769
-28770
-28776
-28788
-28794
-28796
-28821
-28839
-28849
-28864
-28882
-28883
-28884
-28891
-28891
-28893
-28897
-28901
-28901
-28905
-28908
-28913
-28914
-28920
-28928
-28932
-28944
-28946
-28952
-28956
-28962
-28965
-28979
-28979
-28982
-29002
-29006
-29009
-29010
-29011
-29012
-29013
-29014
-29026
-29027
-29027
-29033
-29033
-29050
-29054
-29055
-29056
-29060
-29067
-29068
-29070
-29072
-29082
-29085
-29086
-29087
-29095
-29103
-29103
-29116
-29118
-29136
-29140
-29143
-29148
-29148
-29151
-29162
-29170
-29186
-29189
-29194
-29194
-29195
-29196
-29197
-29197
-29209
-29220
-29220
-29220
-29224
-29225
-29235
-29241
-29246
-29251
-29252
-29264
-29281
-29286
-29290
-29295
-29299
-29304
-29315
-29320
-29327
-29330
-29338
-29342
-29354
-29370
-29373
-29389
-29395
-29400
-29411
-29414
-29421
-29425
-29456
-29467
-29472
-29481
-29504
-29508
-29510
-29514
-29516
-29518
-29524
-29532
-29534
-29552
-29555
-29558
-29587
-29592
-29597
-29601
-29626
-29632
-29634
-29635
-29639
-29660
-29662
-29701
-29701
-29702
-29711
-29716
-29720
-29721
-29726
-29727
-29737
-29737
-29742
-29746
-29758
-29764
-29770
-29784
-29786
-29791
-29792
-29798
-29812
-29814
-29827
-29833
-29837
-29842
-29845
-29846
-29853
-29856
-29867
-29878
-29889
-29895
-29900
-29904
-29926
-29927
-29939
-29943
-29950
-29952
-29956
-29975
-29978
-29984
-29991
-29991
-30009
-30012
-30014
-30015
-30025
-30027
-30039
-30053
-30057
-30060
-30066
-30077
-30082
-30084
-30088
-30089
-30092
-30113
-30115
-30117
-30119
-30122
-30125
-30126
-30142
-30159
-30160
-30162
-30165
-30169
-30171
-30176
-30179
-30180
-30186
-30190
-30197
-30197
-30204
-30210
-30213
-30219
-30227
-30230
-30232
-30238
-30250
-30259
-30274
-30277
-30284
-30291
-30313
-30316
-30328
-30332
-30336
-30336
-30344
-30348
-30350
-30351
-30356
-30358
-30368
-30373
-30374
-30379
-30380
-30399
-30401
-30403
-30404
-30411
-30420
-30421
-30424
-30430
-30438
-30444
-30451
-30468
-30470
-30475
-30478
-30481
-30488
-30492
-30509
-30517
-30524
-30526
-30531
-30532
-30539
-30543
-30562
-30565
-30574
-30576
-30576
-30580
-30585
-30594
-30596
-30607
-30614
-30616
-30622
-30623
-30627
-30633
-30644
-30648
-30652
-30654
-30689
-30691
-30701
-30702
-30704
-30704
-30710
-30718
-30722
-30729
-30733
-30736
-30747
-30755
-30776
-30785
-30786
-30795
-30798
-30803
-30811
-30821
-30823
-30830
-30844
-30844
-30863
-30874
-30875
-30880
-30911
-30918
-30918
-30921
-30927
-30932
-30940
-30945
-30948
-30949
-30957
-30961
-30962
-30967
-30983
-30987
-30992
-31000
-31003
-31007
-31012
-31017
-31022
-31024
-31039
-31040
-31041
-31043
-31050
-31053
-31068
-31085
-31090
-31091
-31105
-31106
-31112
-31119
-31119
-31124
-31126
-31132
-31139
-31149
-31150
-31156
-31181
-31195
-31213
-31219
-31222
-31234
-31236
-31246
-31255
-31268
-31273
-31281
-31286
-31288
-31289
-31300
-31304
-31304
-31307
-31308
-31312
-31331
-31334
-31339
-31358
-31367
-31377
-31393
-31395
-31395
-31399
-31423
-31441
-31443
-31453
-31459
-31460
-31462
-31465
-31465
-31467
-31468
-31493
-31494
-31501
-31501
-31502
-31510
-31518
-31530
-31533
-31538
-31538
-31542
-31547
-31549
-31556
-31568
-31571
-31574
-31574
-31577
-31581
-31585
-31587
-31589
-31596
-31611
-31620
-31621
-31642
-31647
-31653
-31669
-31672
-31679
-31683
-31685
-31695
-31715
-31728
-31736
-31739
-31740
-31749
-31755
-31758
-31765
-31766
-31769
-31796
-31810
-31818
-31819
-31825
-31826
-31826
-31831
-31836
-31837
-31841
-31844
-31847
-31854
-31867
-31870
-31870
-31883
-31888
-31896
-31925
-31925
-31928
-31928
-31928
-31932
-31938
-31938
-31944
-31955
-31957
-31963
-31966
-31967
-31970
-31978
-31988
-31992
-32011
-32014
-32027
-32032
-32041
-32047
-32053
-32053
-32056
-32062
-32081
-32086
-32086
-32087
-32105
-32115
-32117
-32117
-32125
-32126
-32128
-32130
-32141
-32155
-32160
-32164
-32177
-32187
-32188
-32194
-32195
-32215
-32215
-32223
-32229
-32232
-32242
-32255
-32260
-32265
-32292
-32309
-32312
-32313
-32315
-32316
-32318
-32324
-32324
-32344
-32347
-32349
-32388
-32396
-32401
-32405
-32405
-32415
-32417
-32418
-32419
-32419
-32421
-32422
-32424
-32425
-32435
-32442
-32450
-32457
-32481
-32513
-32513
-32518
-32519
-32520
-32525
-32526
-32526
-32530
-32538
-32541
-32541
-32544
-32547
-32550
-32569
-32587
-32590
-32595
-32605
-32618
-32618
-32626
-32630
-32630
-32632
-32644
-32648
-32648
-32649
-32650
-32660
-32682
-32690
-32690
-32699
-32720
-32723
-32732
-32732
-32743
-32750
-32752
-32763
