-32763
-32752
-32750
-32743
-32732
-32732
-32723
-32720
-32699
-32690
-32690
-32682
-32660
-32650
-32649
-32648
-32648
-32644
-32632
-32630
-32630
-32626
-32618
-32618
-32605
-32595
-32590
-32587
-32569
-32550
-32547
-32544
-32541
-32541
-32538
-32530
-32526
-32526
-32525
-32520
-32519
-32518
-32513
-32513
-32481
-32457
-32450
-32442
-32435
-32425
-32424
-32422
-32421
-32419
-32419
-32418
-32417
-32415
-32405
-32405
-32401
-32396
-32388
-32349
-32347
-32344
-32324
-32324
-32318
-32316
-32315
-32313
-32312
-32309
-32292
-32265
-32260
-32255
-32242
-32232
-32229
-32223
-32215
-32215
-32195
-32194
-32188
-32187
-32177
-32164
-32160
-32155
-32141
-32130
-32128
-32126
-32125
-32117
-32117
-32115
-32105
-32087
-32086
-32086
-32081
-32062
-32056
-32053
-32053
-32047
-32041
-32032
-32027
-32014
-32011
-31992
-31988
-31978
-31970
-31967
-31966
-31963
-31957
-31955
-31944
-31938
-31938
-31932
-31928
-31928
-31928
-31925
-31925
-31896
-31888
-31883
-31870
-31870
-31867
-31854
-31847
-31844
-31841
-31837
-31836
-31831
-31826
-31826
-31825
-31819
-31818
-31810
-31796
-31769
-31766
-31765
-31758
-31755
-31749
-31740
-31739
-31736
-31728
-31715
-31695
-31685
-31683
-31679
-31672
-31669
-31653
-31647
-31642
-31621
-31620
-31611
-31596
-31589
-31587
-31585
-31581
-31577
-31574
-31574
-31571
-31568
-31556
-31549
-31547
-31542
-31538
-31538
-31533
-31530
-31518
-31510
-31502
-31501
-31501
-31494
-31493
-31468
-31467
-31465
-31465
-31462
-31460
-31459
-31453
-31443
-31441
-31423
-31399
-31395
-31395
-31393
-31377
-31367
-31358
-31339
-31334
-31331
-31312
-31308
-31307
-31304
-31304
-31300
-31289
-31288
-31286
-31281
-31273
-31268
-31255
-31246
-31236
-31234
-31222
-31219
-31213
-31195
-31181
-31156
-31150
-31149
-31139
-31132
-31126
-31124
-31119
-31119
-31112
-31106
-31105
-31091
-31090
-31085
-31068
-31053
-31050
-31043
-31041
-31040
-31039
-31024
-31022
-31017
-31012
-31007
-31003
-31000
-30992
-30987
-30983
-30967
-30962
-30961
-30957
-30949
-30948
-30945
-30940
-30932
-30927
-30921
-30918
-30918
-30911
-30880
-30875
-30874
-30863
-30844
-30844
-30830
-30823
-30821
-30811
-30803
-30798
-30795
-30786
-30785
-30776
-30755
-30747
-30736
-30733
-30729
-30722
-30718
-30710
-30704
-30704
-30702
-30701
-30691
-30689
-30654
-30652
-30648
-30644
-30633
-30627
-30623
-30622
-30616
-30614
-30607
-30596
-30594
-30585
-30580
-30576
-30576
-30574
-30565
-30562
-30543
-30539
-30532
-30531
-30526
-30524
-30517
-30509
-30492
-30488
-30481
-30478
-30475
-30470
-30468
-30451
-30444
-30438
-30430
-30424
-30421
-30420
-30411
-30404
-30403
-30401
-30399
-30380
-30379
-30374
-30373
-30368
-30358
-30356
-30351
-30350
-30348
-30344
-30336
-30336
-30332
-30328
-30316
-30313
-30291
-30284
-30277
-30274
-30259
-30250
-30238
-30232
-30230
-30227
-30219
-30213
-30210
-30204
-30197
-30197
-30190
-30186
-30180
-30179
-30176
-30171
-30169
-30165
-30162
-30160
-30159
-30142
-30126
-30125
-30122
-30119
-30117
-30115
-30113
-30092
-30089
-30088
-30084
-30082
-30077
-30066
-30060
-30057
-30053
-30039
-30027
-30025
-30015
-30014
-30012
-30009
-29991
-29991
-29984
-29978
-29975
-29956
-29952
-29950
-29943
-29939
-29927
-29926
-29904
-29900
-29895
-29889
-29878
-29867
-29856
-29853
-29846
-29845
-29842
-29837
-29833
-29827
-29814
-29812
-29798
-29792
-29791
-29786
-29784
-29770
-29764
-29758
-29746
-29742
-29737
-29737
-29727
-29726
-29721
-29720
-29716
-29711
-29702
-29701
-29701
-29662
-29660
-29639
-29635
-29634
-29632
-29626
-29601
-29597
-29592
-29587
-29558
-29555
-29552
-29534
-29532
-29524
-29518
-29516
-29514
-29510
-29508
-29504
-29481
-29472
-29467
-29456
-29425
-29421
-29414
-29411
-29400
-29395
-29389
-29373
-29370
-29354
-29342
-29338
-29330
-29327
-29320
-29315
-29304
-29299
-29295
-29290
-29286
-29281
-29264
-29252
-29251
-29246
-29241
-29235
-29225
-29224
-29220
-29220
-29220
-29209
-29197
-29197
-29196
-29195
-29194
-29194
-29189
-29186
-29170
-29162
-29151
-29148
-29148
-29143
-29140
-29136
-29118
-29116
-29103
-29103
-29095
-29087
-29086
-29085
-29082
-29072
-29070
-29068
-29067
-29060
-29056
-29055
-29054
-29050
-29033
-29033
-29027
-29027
-29026
-29014
-29013
-29012
-29011
-29010
-29009
-29006
-29002
-28982
-28979
-28979
-28965
-28962
-28956
-28952
-28946
-28944
-28932
-28928
-28920
-28914
-28913
-28908
-28905
-28901
-28901
-28897
-28893
-28891
-28891
-28884
-28883
-28882
-28864
-28849
-28839
-28821
-28796
-28794
-28788
-28776
-28770
-28769
-28767
-28756
-28751
-28750
-28745
-28738
-28725
-28724
-28706
-28701
-28692
-28689
-28683
-28679
-28671
-28669
-28656
-28638
-28628
-28626
-28610
-28606
-28590
-28583
-28583
-28570
-28566
-28562
-28551
-28542
-28540
-28512
-28510
-28502
-28479
-28478
-28476
-28476
-28472
-28447
-28439
-28405
-28402
-28392
-28387
-28387
-28384
-28378
-28368
-28361
-28360
-28358
-28354
-28351
-28349
-28347
-28345
-28338
-28337
-28314
-28308
-28296
-28294
-28292
-28291
-28290
-28288
-28279
-28262
-28257
-28253
-28241
-28230
-28226
-28223
-28217
-28216
-28208
-28208
-28197
-28187
-28172
-28171
-28167
-28165
-28165
-28156
-28149
-28149
-28146
-28138
-28138
-28119
-28119
-28113
-28105
-28100
-28098
-28094
-28092
-28089
-28079
-28077
-28074
-28073
-28072
-28072
-28062
-28060
-28039
-28037
-28034
-28034
-28028
-28028
-28019
-28017
-28015
-28008
-27985
-27985
-27982
-27981
-27966
-27966
-27963
-27962
-27920
-27919
-27916
-27912
-27909
-27908
-27895
-27894
-27873
-27867
-27860
-27834
-27830
-27830
-27822
-27809
-27803
-27803
-27795
-27784
-27779
-27773
-27770
-27757
-27753
-27746
-27743
-27741
-27738
-27734
-27722
-27719
-27709
-27703
-27676
-27668
-27666
-27660
-27652
-27652
-27630
-27620
-27615
-27607
-27600
-27587
-27586
-27584
-27583
-27575
-27572
-27567
-27559
-27558
-27547
-27536
-27535
-27530
-27517
-27514
-27513
-27505
-27504
-27503
-27478
-27474
-27452
-27451
-27449
-27446
-27446
-27426
-27425
-27425
-27424
-27424
-27423
-27415
-27412
-27401
-27397
-27395
-27394
-27385
-27384
-27375
-27348
-27332
-27326
-27318
-27306
-27303
-27300
-27258
-27254
-27247
-27242
-27236
-27233
-27222
-27222
-27218
-27214
-27213
-27205
-27198
-27189
-27188
-27184
-27183
-27170
-27165
-27162
-27157
-27155
-27146
-27134
-27131
-27130
-27126
-27122
-27122
-27122
-27117
-27112
-27106
-27105
-27099
-27099
-27096
-27096
-27091
-27087
-27086
-27077
-27072
-27071
-27058
-27057
-27047
-27041
-27037
-27031
-27020
-27019
-27017
-26996
-26989
-26988
-26987
-26969
-26959
-26958
-26954
-26952
-26945
-26941
-26938
-26933
-26922
-26921
-26909
-26908
-26903
-26896
-26896
-26887
-26885
-26883
-26882
-26881
-26878
-26878
-26876
-26873
-26867
-26867
-26863
-26861
-26846
-26828
-26809
-26799
-26798
-26796
-26796
-26781
-26779
-26775
-26766
-26766
-26763
-26759
-26730
-26723
-26711
-26709
-26708
-26703
-26701
-26686
-26676
-26669
-26656
-26652
-26643
-26627
-26617
-26610
-26603
-26587
-26579
-26544
-26540
-26520
-26512
-26511
-26508
-26496
-26494
-26493
-26483
-26479
-26471
-26470
-26466
-26464
-26455
-26450
-26449
-26443
-26435
-26433
-26421
-26410
-26402
-26396
-26390
-26383
-26383
-26372
-26369
-26362
-26343
-26339
-26334
-26327
-26327
-26324
-26323
-26312
-26311
-26309
-26307
-26297
-26293
-26287
-26286
-26284
-26263
-26262
-26254
-26240
-26232
-26226
-26226
-26213
-26210
-26204
-26200
-26196
-26195
-26185
-26152
-26151
-26143
-26117
-26107
-26102
-26094
-26090
-26090
-26088
-26087
-26086
-26083
-26069
-26063
-26054
-26049
-26032
-26028
-26021
-26010
-26007
-26006
-26001
-26001
-25992
-25985
-25981
-25979
-25975
-25968
-25965
-25958
-25954
-25945
-25938
-25929
-25915
-25913
-25909
-25907
-25904
-25899
-25889
-25887
-25886
-25876
-25872
-25871
-25871
-25866
-25862
-25861
-25858
-25851
-25850
-25838
-25826
-25825
-25822
-25821
-25820
-25816
-25802
-25794
-25792
-25783
-25777
-25772
-25766
-25759
-25756
-25752
-25745
-25745
-25737
-25730
-25728
-25724
-25719
-25711
-25706
-25698
-25696
-25693
-25692
-25692
-25691
-25689
-25682
-25675
-25660
-25639
-25632
-25626
-25621
-25617
-25617
-25610
-25604
-25603
-25570
-25570
-25568
-25563
-25559
-25557
-25554
-25543
-25538
-25532
-25516
-25508
-25507
-25504
-25502
-25502
-25502
-25501
-25499
-25498
-25483
-25482
-25481
-25470
-25460
-25458
-25457
-25454
-25452
-25450
-25439
-25436
-25433
-25430
-25430
-25428
-25422
-25395
-25390
-25379
-25365
-25350
-25346
-25338
-25336
-25335
-25334
-25332
-25331
-25318
-25316
-25314
-25308
-25307
-25302
-25300
-25298
-25293
-25292
-25280
-25279
-25265
-25254
-25252
-25248
-25242
-25240
-25235
-25230
-25227
-25200
-25197
-25194
-25193
-25191
-25187
-25180
-25169
-25156
-25152
-25148
-25147
-25138
-25130
-25124
-25111
-25110
-25101
-25098
-25097
-25094
-25087
-25077
-25076
-25074
-25072
-25071
-25068
-25052
-25047
-25042
-25038
-25036
-25034
-25033
-25018
-25018
-25018
-25009
-25003
-24994
-24992
-24987
-24982
-24979
-24976
-24962
-24959
-24955
-24955
-24952
-24949
-24947
-24943
-24942
-24929
-24920
-24914
-24909
-24903
-24895
-24878
-24875
-24873
-24872
-24869
-24867
-24858
-24855
-24850
-24849
-24840
-24833
-24815
-24813
-24812
-24800
-24796
-24786
-24773
-24773
-24757
-24755
-24750
-24747
-24735
-24735
-24719
-24712
-24711
-24704
-24703
-24699
-24698
-24697
-24683
-24680
-24676
-24672
-24667
-24654
-24650
-24633
-24611
-24597
-24595
-24589
-24587
-24584
-24571
-24569
-24563
-24560
-24558
-24552
-24544
-24536
-24530
-24529
-24520
-24515
-24513
-24513
-24509
-24452
-24446
-24446
-24431
-24430
-24419
-24411
-24411
-24401
-24388
-24386
-24382
-24381
-24378
-24366
-24360
-24356
-24347
-24346
-24337
-24334
-24326
-24321
-24316
-24309
-24295
-24289
-24280
-24275
-24275
-24273
-24269
-24266
-24261
-24259
-24258
-24257
-24257
-24246
-24236
-24218
-24218
-24210
-24208
-24205
-24196
-24158
-24152
-24144
-24143
-24143
-24137
-24134
-24127
-24126
-24119
-24118
-24117
-24113
-24107
-24096
-24093
-24091
-24089
-24085
-24077
-24058
-24052
-24049
-24042
-24038
-24038
-24035
-24032
-24027
-24013
-24004
-23995
-23993
-23992
-23974
-23962
-23960
-23954
-23943
-23940
-23939
-23933
-23933
-23931
-23929
-23925
-23906
-23902
-23897
-23890
-23877
-23872
-23871
-23869
-23863
-23857
-23856
-23852
-23842
-23841
-23832
-23824
-23824
-23824
-23818
-23815
-23802
-23802
-23793
-23791
-23782
-23780
-23771
-23756
-23742
-23721
-23721
-23691
-23690
-23688
-23682
-23681
-23673
-23666
-23651
-23649
-23645
-23641
-23638
-23636
-23622
-23621
-23603
-23593
-23582
-23581
-23560
-23547
-23547
-23538
-23531
-23521
-23519
-23517
-23515
-23513
-23512
-23511
-23503
-23500
-23492
-23492
-23483
-23480
-23478
-23467
-23461
-23451
-23448
-23442
-23435
-23428
-23427
-23417
-23406
-23396
-23394
-23379
-23375
-23365
-23364
-23351
-23349
-23343
-23342
-23341
-23332
-23325
-23321
-23315
-23314
-23296
-23296
-23294
-23293
-23288
-23288
-23273
-23271
-23268
-23255
-23254
-23253
-23241
-23240
-23226
-23217
-23212
-23197
-23197
-23196
-23192
-23190
-23189
-23182
-23180
-23172
-23164
-23163
-23139
-23137
-23131
-23130
-23120
-23105
-23091
-23087
-23084
-23078
-23050
-23041
-23038
-23034
-23030
-23029
-23022
-23021
-23020
-23015
-23014
-23008
-23008
-22997
-22996
-22995
-22991
-22989
-22989
-22970
-22959
-22954
-22952
-22942
-22940
-22935
-22931
-22926
-22909
-22909
-22892
-22875
-22874
-22869
-22868
-22857
-22856
-22849
-22843
-22831
-22825
-22817
-22781
-22778
-22776
-22765
-22764
-22763
-22760
-22745
-22738
-22738
-22734
-22719
-22706
-22705
-22701
-22697
-22697
-22694
-22690
-22688
-22685
-22672
-22670
-22669
-22664
-22659
-22644
-22638
-22631
-22626
-22609
-22608
-22607
-22602
-22602
-22583
-22581
-22558
-22552
-22546
-22537
-22526
-22526
-22516
-22496
-22487
-22485
-22471
-22461
-22445
-22443
-22437
-22435
-22434
-22433
-22429
-22429
-22419
-22419
-22412
-22411
-22390
-22383
-22371
-22368
-22358
-22355
-22343
-22342
-22341
-22327
-22321
-22308
-22306
-22305
-22303
-22294
-22291
-22282
-22274
-22268
-22266
-22261
-22260
-22253
-22251
-22234
-22225
-22220
-22214
-22212
-22210
-22209
-22187
-22176
-22168
-22159
-22156
-22152
-22146
-22143
-22133
-22130
-22123
-22123
-22118
-22116
-22111
-22107
-22098
-22092
-22087
-22083
-22082
-22076
-22073
-22070
-22070
-22061
-22060
-22056
-22053
-22049
-22043
-22040
-22034
-22026
-22025
-22023
-22019
-22011
-22009
-22009
-22008
-21999
-21989
-21988
-21983
-21980
-21975
-21966
-21960
-21955
-21953
-21945
-21926
-21917
-21907
-21899
-21895
-21885
-21884
-21878
-21876
-21873
-21871
-21865
-21863
-21860
-21859
-21857
-21852
-21843
-21832
-21818
-21816
-21814
-21813
-21802
-21800
-21798
-21794
-21794
-21793
-21793
-21785
-21785
-21772
-21748
-21742
-21737
-21736
-21727
-21720
-21719
-21716
-21706
-21705
-21695
-21694
-21690
-21669
-21658
-21658
-21654
-21654
-21641
-21639
-21636
-21633
-21629
-21629
-21623
-21603
-21599
-21599
-21598
-21593
-21589
-21573
-21570
-21564
-21557
-21551
-21550
-21547
-21544
-21542
-21537
-21527
-21527
-21487
-21483
-21477
-21470
-21469
-21466
-21465
-21464
-21460
-21448
-21440
-21434
-21416
-21411
-21405
-21398
-21394
-21376
-21368
-21360
-21358
-21334
-21302
-21295
-21289
-21278
-21258
-21252
-21237
-21234
-21233
-21228
-21219
-21216
-21198
-21194
-21194
-21172
-21167
-21155
-21152
-21149
-21147
-21143
-21140
-21135
-21125
-21120
-21118
-21115
-21106
-21094
-21083
-21079
-21067
-21058
-21054
-21028
-21027
-21026
-21013
-21007
-21006
-20996
-20994
-20982
-20979
-20976
-20971
-20970
-20969
-20946
-20943
-20941
-20931
-20917
-20913
-20909
-20900
-20884
-20883
-20881
-20881
-20878
-20868
-20867
-20863
-20860
-20826
-20822
-20820
-20815
-20807
-20794
-20785
-20782
-20781
-20778
-20774
-20768
-20767
-20765
-20762
-20758
-20756
-20754
-20745
-20742
-20740
-20732
-20730
-20711
-20710
-20699
-20698
-20689
-20685
-20684
-20682
-20675
-20659
-20657
-20654
-20647
-20641
-20630
-20626
-20614
-20585
-20576
-20572
-20567
-20543
-20536
-20535
-20515
-20508
-20500
-20489
-20488
-20481
-20477
-20476
-20468
-20464
-20461
-20453
-20449
-20445
-20443
-20433
-20432
-20404
-20399
-20390
-20388
-20388
-20388
-20387
-20371
-20370
-20366
-20361
-20352
-20352
-20346
-20315
-20315
-20300
-20297
-20297
-20294
-20286
-20282
-20280
-20273
-20240
-20232
-20229
-20228
-20227
-20221
-20209
-20209
-20207
-20203
-20201
-20200
-20190
-20189
-20185
-20180
-20176
-20170
-20170
-20166
-20161
-20156
-20152
-20146
-20140
-20137
-20135
-20134
-20129
-20129
-20128
-20115
-20114
-20109
-20102
-20088
-20087
-20080
-20080
-20074
-20069
-20069
-20068
-20063
-20063
-20056
-20054
-20053
-20046
-20028
-20023
-19992
-19992
-19988
-19987
-19986
-19980
-19975
-19969
-19962
-19960
-19959
-19954
-19953
-19953
-19949
-19948
-19945
-19932
-19929
-19923
-19898
-19887
-19877
-19877
-19876
-19869
-19855
-19838
-19808
-19807
-19802
-19788
-19786
-19781
-19773
-19772
-19756
-19750
-19750
-19745
-19745
-19711
-19701
-19698
-19688
-19679
-19672
-19665
-19642
-19638
-19628
-19627
-19626
-19622
-19615
-19608
-19605
-19598
-19583
-19578
-19577
-19568
-19564
-19560
-19559
-19542
-19542
-19542
-19531
-19530
-19528
-19526
-19520
-19519
-19503
-19503
-19494
-19491
-19480
-19460
-19443
-19440
-19431
-19426
-19421
-19410
-19407
-19403
-19401
-19399
-19399
-19399
-19388
-19387
-19379
-19370
-19366
-19365
-19336
-19333
-19331
-19321
-19315
-19285
-19281
-19277
-19269
-19269
-19241
-19235
-19232
-19230
-19224
-19221
-19218
-19214
-19209
-19207
-19203
-19203
-19193
-19190
-19188
-19188
-19187
-19179
-19168
-19167
-19156
-19149
-19148
-19147
-19147
-19142
-19140
-19127
-19121
-19110
-19101
-19090
-19078
-19076
-19072
-19067
-19061
-19056
-19056
-19048
-19042
-19028
-19019
-19018
-19014
-19012
-19009
-19009
-18992
-18989
-18982
-18958
-18951
-18949
-18947
-18936
-18934
-18933
-18932
-18931
-18898
-18896
-18896
-18892
-18864
-18864
-18860
-18860
-18851
-18848
-18845
-18830
-18822
-18818
-18808
-18808
-18804
-18800
-18794
-18779
-18772
-18770
-18753
-18748
-18740
-18725
-18713
-18711
-18702
-18691
-18675
-18625
-18605
-18598
-18589
-18581
-18562
-18553
-18545
-18542
-18523
-18477
-18472
-18467
-18466
-18464
-18457
-18457
-18439
-18437
-18423
-18423
-18391
-18388
-18380
-18375
-18375
-18352
-18349
-18344
-18343
-18341
-18339
-18337
-18333
-18328
-18326
-18324
-18321
-18319
-18316
-18306
-18305
-18296
-18291
-18290
-18288
-18283
-18267
-18261
-18261
-18248
-18248
-18247
-18245
-18241
-18229
-18226
-18225
-18222
-18222
-18187
-18176
-18175
-18174
-18164
-18158
-18148
-18147
-18143
-18122
-18115
-18111
-18103
-18096
-18088
-18086
-18086
-18083
-18079
-18078
-18054
-18032
-18030
-18021
-18017
-18014
-18008
-18007
-17991
-17986
-17969
-17963
-17951
-17945
-17941
-17934
-17926
-17911
-17887
-17885
-17883
-17881
-17873
-17870
-17868
-17853
-17843
-17834
-17834
-17830
-17829
-17828
-17819
-17807
-17795
-17791
-17786
-17782
-17773
-17765
-17764
-17760
-17759
-17753
-17751
-17703
-17703
-17702
-17685
-17685
-17683
-17681
-17679
-17678
-17670
-17656
-17642
-17633
-17624
-17606
-17604
-17596
-17587
-17586
-17576
-17575
-17564
-17563
-17553
-17547
-17532
-17531
-17525
-17507
-17507
-17493
-17483
-17481
-17480
-17480
-17478
-17476
-17474
-17469
-17469
-17457
-17455
-17451
-17448
-17447
-17446
-17437
-17417
-17408
-17401
-17398
-17393
-17383
-17368
-17367
-17332
-17332
-17332
-17322
-17320
-17311
-17306
-17305
-17303
-17292
-17284
-17277
-17267
-17256
-17253
-17239
-17230
-17216
-17212
-17202
-17197
-17196
-17175
-17173
-17163
-17140
-17137
-17133
-17120
-17117
-17109
-17105
-17096
-17090
-17089
-17074
-17073
-17072
-17068
-17059
-17059
-17058
-17042
-17041
-17033
-17032
-17031
-17028
-17026
-17015
-17014
-17013
-17009
-17008
-17006
-17004
-16990
-16985
-16985
-16977
-16974
-16967
-16954
-16947
-16938
-16931
-16929
-16929
-16924
-16913
-16900
-16883
-16876
-16876
-16871
-16870
-16854
-16846
-16836
-16824
-16815
-16814
-16800
-16800
-16795
-16783
-16781
-16774
-16769
-16763
-16757
-16746
-16737
-16736
-16725
-16719
-16717
-16713
-16710
-16710
-16705
-16698
-16692
-16692
-16685
-16673
-16666
-16664
-16659
-16657
-16653
-16653
-16648
-16647
-16638
-16634
-16633
-16629
-16623
-16617
-16617
-16611
-16610
-16595
-16593
-16591
-16591
-16587
-16585
-16568
-16567
-16566
-16562
-16543
-16542
-16538
-16529
-16529
-16514
-16511
-16506
-16497
-16492
-16477
-16476
-16460
-16459
-16449
-16447
-16440
-16434
-16432
-16416
-16408
-16394
-16386
-16374
-16361
-16357
-16356
-16342
-16336
-16311
-16310
-16306
-16297
-16295
-16288
-16281
-16278
-16267
-16261
-16258
-16253
-16250
-16250
-16243
-16238
-16237
-16234
-16230
-16215
-16205
-16201
-16198
-16193
-16187
-16184
-16175
-16173
-16170
-16166
-16165
-16161
-16156
-16147
-16145
-16142
-16135
-16135
-16130
-16116
-16115
-16114
-16113
-16110
-16110
-16108
-16108
-16086
-16070
-16070
-16067
-16067
-16064
-16058
-16056
-16053
-16051
-16049
-16042
-16038
-16031
-16030
-16028
-16027
-16018
-16004
-16003
-15994
-15972
-15970
-15969
-15949
-15948
-15943
-15942
-15938
-15934
-15928
-15921
-15900
-15892
-15890
-15879
-15876
-15858
-15856
-15854
-15833
-15825
-15822
-15817
-15815
-15784
-15774
-15772
-15769
-15763
-15743
-15735
-15734
-15731
-15728
-15722
-15714
-15696
-15696
-15684
-15680
-15678
-15676
-15671
-15664
-15664
-15663
-15647
-15645
-15642
-15638
-15638
-15631
-15605
-15604
-15602
-15598
-15595
-15588
-15580
-15567
-15563
-15553
-15553
-15547
-15544
-15544
-15518
-15516
-15508
-15506
-15504
-15495
-15488
-15482
-15469
-15463
-15457
-15454
-15449
-15441
-15440
-15431
-15430
-15427
-15424
-15422
-15398
-15394
-15390
-15380
-15371
-15368
-15367
-15362
-15358
-15356
-15353
-15345
-15343
-15340
-15337
-15309
-15307
-15304
-15298
-15297
-15293
-15292
-15273
-15272
-15272
-15259
-15254
-15251
-15249
-15242
-15241
-15241
-15231
-15195
-15192
-15180
-15180
-15175
-15167
-15165
-15156
-15151
-15150
-15149
-15148
-15147
-15146
-15139
-15136
-15125
-15121
-15119
-15119
-15115
-15114
-15113
-15111
-15109
-15106
-15081
-15070
-15069
-15060
-15056
-15046
-15040
-15030
-15026
-15025
-15009
-15008
-15007
-15006
-14998
-14987
-14983
-14983
-14982
-14976
-14973
-14960
-14950
-14950
-14945
-14930
-14929
-14922
-14920
-14917
-14907
-14903
-14897
-14897
-14897
-14896
-14892
-14888
-14887
-14887
-14882
-14866
-14866
-14865
-14861
-14857
-14849
-14841
-14826
-14808
-14794
-14781
-14776
-14773
-14772
-14758
-14747
-14747
-14733
-14704
-14703
-14695
-14686
-14684
-14683
-14672
-14665
-14659
-14657
-14653
-14653
-14650
-14638
-14637
-14636
-14635
-14630
-14630
-14629
-14619
-14593
-14591
-14577
-14576
-14573
-14561
-14559
-14558
-14554
-14553
-14551
-14550
-14542
-14539
-14522
-14517
-14516
-14515
-14508
-14508
-14508
-14503
-14500
-14497
-14495
-14490
-14479
-14478
-14476
-14471
-14470
-14463
-14463
-14460
-14450
-14426
-14412
-14411
-14409
-14402
-14397
-14387
-14384
-14377
-14369
-14362
-14357
-14355
-14348
-14348
-14345
-14345
-14339
-14337
-14321
-14310
-14308
-14307
-14306
-14292
-14291
-14290
-14288
-14285
-14283
-14282
-14276
-14271
-14270
-14267
-14266
-14265
-14263
-14252
-14241
-14241
-14240
-14237
-14224
-14221
-14219
-14215
-14181
-14174
-14166
-14165
-14162
-14161
-14151
-14140
-14139
-14132
-14131
-14125
-14119
-14118
-14096
-14094
-14093
-14086
-14082
-14078
-14069
-14066
-14064
-14061
-14047
-14047
-14039
-14037
-14030
-14030
-14010
-14007
-13987
-13984
-13983
-13977
-13977
-13954
-13951
-13937
-13916
-13895
-13891
-13887
-13885
-13884
-13877
-13868
-13868
-13855
-13841
-13837
-13836
-13836
-13833
-13828
-13827
-13820
-13818
-13813
-13791
-13782
-13773
-13768
-13745
-13743
-13726
-13726
-13724
-13722
-13714
-13708
-13700
-13679
-13668
-13665
-13658
-13653
-13647
-13634
-13630
-13621
-13619
-13618
-13584
-13582
-13572
-13568
-13563
-13561
-13531
-13521
-13501
-13500
-13499
-13492
-13492
-13491
-13489
-13485
-13456
-13441
-13438
-13421
-13416
-13415
-13404
-13402
-13397
-13394
-13386
-13384
-13382
-13381
-13378
-13366
-13363
-13353
-13347
-13346
-13344
-13337
-13332
-13329
-13301
-13301
-13298
-13291
-13289
-13281
-13275
-13265
-13256
-13241
-13240
-13234
-13219
-13214
-13201
-13201
-13190
-13188
-13183
-13178
-13167
-13165
-13163
-13161
-13159
-13154
-13150
-13144
-13139
-13136
-13134
-13132
-13131
-13131
-13127
-13116
-13112
-13105
-13105
-13103
-13100
-13094
-13093
-13083
-13082
-13073
-13068
-13066
-13062
-13055
-13052
-13052
-13047
-13039
-13024
-13022
-13019
-13014
-13011
-12996
-12984
-12984
-12983
-12980
-12974
-12969
-12969
-12967
-12963
-12958
-12957
-12946
-12944
-12943
-12936
-12928
-12924
-12923
-12918
-12916
-12908
-12894
-12888
-12887
-12883
-12881
-12869
-12862
-12860
-12835
-12825
-12825
-12817
-12812
-12812
-12810
-12803
-12801
-12797
-12795
-12777
-12765
-12749
-12734
-12726
-12717
-12708
-12701
-12700
-12698
-12697
-12696
-12695
-12688
-12680
-12678
-12671
-12669
-12629
-12622
-12615
-12614
-12611
-12607
-12592
-12586
-12575
-12573
-12571
-12562
-12553
-12548
-12548
-12538
-12533
-12517
-12514
-12512
-12507
-12504
-12502
-12486
-12482
-12482
-12479
-12476
-12467
-12459
-12459
-12440
-12416
-12416
-12412
-12406
-12399
-12393
-12386
-12384
-12377
-12376
-12373
-12361
-12357
-12355
-12350
-12343
-12325
-12324
-12323
-12320
-12317
-12313
-12312
-12310
-12308
-12298
-12292
-12263
-12253
-12248
-12247
-12232
-12227
-12220
-12211
-12205
-12203
-12191
-12186
-12178
-12174
-12173
-12170
-12169
-12157
-12151
-12146
-12145
-12144
-12143
-12141
-12140
-12138
-12131
-12127
-12108
-12103
-12090
-12085
-12083
-12083
-12083
-12060
-12060
-12059
-12054
-12041
-12040
-12033
-12029
-12014
-12010
-12007
-12002
-11999
-11999
-11998
-11981
-11980
-11978
-11962
-11955
-11953
-11951
-11946
-11939
-11932
-11929
-11922
-11922
-11916
-11912
-11909
-11907
-11905
-11892
-11891
-11887
-11868
-11861
-11847
-11846
-11845
-11840
-11839
-11828
-11827
-11826
-11826
-11808
-11803
-11794
-11793
-11763
-11761
-11754
-11752
-11743
-11723
-11718
-11715
-11715
-11711
-11686
-11675
-11673
-11671
-11668
-11661
-11656
-11656
-11650
-11649
-11648
-11638
-11637
-11615
-11613
-11612
-11610
-11609
-11607
-11606
-11602
-11602
-11602
-11599
-11583
-11578
-11575
-11575
-11568
-11564
-11560
-11558
-11546
-11520
-11518
-11514
-11504
-11495
-11494
-11488
-11488
-11478
-11477
-11474
-11473
-11472
-11460
-11447
-11446
-11445
-11438
-11429
-11407
-11406
-11403
-11398
-11396
-11388
-11377
-11370
-11357
-11353
-11342
-11341
-11336
-11307
-11301
-11296
-11296
-11295
-11283
-11281
-11278
-11276
-11274
-11262
-11259
-11255
-11254
-11252
-11251
-11249
-11241
-11237
-11228
-11217
-11215
-11200
-11197
-11190
-11188
-11177
-11165
-11165
-11161
-11143
-11133
-11129
-11126
-11103
-11101
-11100
-11100
-11098
-11098
-11097
-11087
-11081
-11080
-11079
-11075
-11073
-11070
-11068
-11056
-11051
-11046
-11043
-11023
-11017
-11016
-11013
-11012
-11007
-11003
-11001
-10989
-10985
-10984
-10984
-10983
-10980
-10966
-10952
-10948
-10947
-10937
-10931
-10929
-10926
-10915
-10912
-10908
-10896
-10894
-10894
-10890
-10888
-10886
-10881
-10868
-10867
-10865
-10857
-10823
-10808
-10808
-10804
-10802
-10794
-10786
-10781
-10776
-10776
-10765
-10764
-10750
-10744
-10742
-10738
-10737
-10734
-10722
-10718
-10717
-10708
-10701
-10699
-10698
-10692
-10689
-10677
-10673
-10661
-10659
-10659
-10634
-10618
-10603
-10594
-10572
-10570
-10558
-10555
-10551
-10550
-10547
-10541
-10530
-10510
-10510
-10509
-10488
-10477
-10468
-10463
-10459
-10459
-10444
-10444
-10442
-10434
-10423
-10422
-10408
-10402
-10401
-10392
-10391
-10368
-10351
-10350
-10335
-10330
-10330
-10324
-10323
-10318
-10317
-10309
-10301
-10300
-10293
-10292
-10285
-10271
-10264
-10261
-10253
-10253
-10246
-10199
-10192
-10179
-10163
-10160
-10160
-10154
-10150
-10149
-10147
-10129
-10127
-10108
-10090
-10089
-10070
-10065
-10059
-10047
-10047
-10040
-10026
-10024
-10022
-10018
-10002
-9999
-9990
-9983
-9976
-9970
-9969
-9950
-9950
-9941
-9937
-9931
-9922
-9914
-9903
-9890
-9886
-9873
-9867
-9864
-9861
-9850
-9842
-9837
-9830
-9828
-9828
-9797
-9794
-9788
-9781
-9773
-9765
-9753
-9740
-9735
-9716
-9714
-9706
-9701
-9700
-9699
-9692
-9691
-9690
-9689
-9685
-9657
-9630
-9618
-9617
-9616
-9611
-9593
-9567
-9554
-9550
-9547
-9538
-9538
-9536
-9534
-9534
-9530
-9529
-9528
-9526
-9518
-9511
-9505
-9500
-9497
-9481
-9479
-9471
-9466
-9460
-9459
-9451
-9447
-9444
-9440
-9433
-9427
-9405
-9389
-9384
-9372
-9363
-9358
-9354
-9352
-9346
-9345
-9337
-9336
-9329
-9328
-9321
-9318
-9310
-9305
-9297
-9282
-9282
-9279
-9278
-9277
-9270
-9258
-9255
-9250
-9247
-9247
-9245
-9242
-9242
-9229
-9225
-9201
-9196
-9192
-9192
-9184
-9181
-9169
-9165
-9163
-9159
-9159
-9153
-9150
-9137
-9135
-9132
-9127
-9119
-9105
-9102
-9096
-9086
-9086
-9071
-9067
-9067
-9059
-9049
-9042
-9041
-9038
-9034
-9029
-9028
-9028
-9025
-9006
-8999
-8994
-8993
-8990
-8983
-8983
-8980
-8978
-8968
-8966
-8948
-8944
-8942
-8932
-8926
-8915
-8911
-8903
-8861
-8842
-8842
-8839
-8829
-8812
-8803
-8800
-8786
-8779
-8773
-8761
-8759
-8752
-8748
-8744
-8734
-8727
-8723
-8722
-8711
-8706
-8694
-8694
-8693
-8685
-8670
-8667
-8660
-8650
-8644
-8635
-8633
-8628
-8626
-8625
-8619
-8609
-8597
-8585
-8583
-8575
-8558
-8542
-8538
-8533
-8526
-8524
-8517
-8516
-8509
-8508
-8506
-8501
-8500
-8499
-8492
-8483
-8469
-8464
-8460
-8460
-8452
-8450
-8447
-8437
-8436
-8426
-8421
-8415
-8385
-8376
-8349
-8342
-8332
-8331
-8326
-8324
-8312
-8301
-8300
-8294
-8292
-8290
-8243
-8240
-8236
-8227
-8215
-8207
-8207
-8195
-8192
-8185
-8185
-8177
-8176
-8168
-8150
-8148
-8147
-8147
-8145
-8137
-8137
-8134
-8127
-8127
-8123
-8120
-8115
-8111
-8111
-8096
-8089
-8081
-8079
-8073
-8056
-8054
-8049
-8046
-8041
-8036
-8030
-8030
-8027
-8026
-8025
-8022
-8017
-7995
-7992
-7992
-7989
-7986
-7978
-7976
-7964
-7961
-7952
-7950
-7944
-7941
-7939
-7933
-7923
-7902
-7893
-7891
-7883
-7879
-7876
-7871
-7866
-7865
-7864
-7859
-7854
-7844
-7843
-7842
-7837
-7827
-7821
-7813
-7800
-7799
-7791
-7765
-7760
-7745
-7743
-7736
-7733
-7732
-7699
-7692
-7686
-7679
-7665
-7665
-7651
-7650
-7643
-7642
-7642
-7637
-7622
-7598
-7588
-7587
-7583
-7582
-7577
-7577
-7577
-7575
-7561
-7554
-7550
-7547
-7533
-7529
-7528
-7512
-7511
-7510
-7499
-7488
-7460
-7460
-7458
-7449
-7437
-7433
-7432
-7428
-7417
-7413
-7408
-7403
-7394
-7374
-7358
-7351
-7343
-7342
-7334
-7330
-7321
-7314
-7313
-7301
-7295
-7286
-7280
-7264
-7262
-7247
-7246
-7245
-7228
-7226
-7220
-7219
-7202
-7201
-7200
-7196
-7178
-7151
-7138
-7133
-7128
-7125
-7125
-7122
-7118
-7117
-7108
-7106
-7100
-7097
-7095
-7094
-7067
-7059
-7047
-7045
-7030
-7022
-7020
-7020
-7017
-7012
-7006
-7004
-6992
-6991
-6978
-6978
-6974
-6955
-6949
-6948
-6947
-6939
-6937
-6931
-6925
-6922
-6921
-6912
-6905
-6902
-6893
-6889
-6883
-6879
-6873
-6869
-6861
-6857
-6853
-6842
-6830
-6828
-6821
-6809
-6790
-6785
-6782
-6777
-6774
-6769
-6763
-6763
-6758
-6755
-6743
-6712
-6691
-6674
-6667
-6667
-6666
-6653
-6650
-6628
-6616
-6609
-6607
-6606
-6604
-6599
-6596
-6578
-6578
-6577
-6574
-6566
-6565
-6563
-6558
-6532
-6520
-6513
-6506
-6506
-6505
-6493
-6492
-6481
-6476
-6472
-6463
-6458
-6455
-6455
-6453
-6437
-6430
-6429
-6424
-6421
-6409
-6395
-6392
-6379
-6378
-6374
-6371
-6371
-6361
-6356
-6355
-6355
-6331
-6324
-6322
-6320
-6313
-6298
-6295
-6292
-6290
-6289
-6286
-6285
-6264
-6263
-6240
-6226
-6226
-6225
-6220
-6220
-6218
-6213
-6199
-6198
-6190
-6185
-6185
-6178
-6177
-6172
-6158
-6155
-6153
-6145
-6137
-6129
-6127
-6122
-6116
-6112
-6110
-6105
-6089
-6085
-6079
-6076
-6073
-6063
-6051
-6045
-6041
-6035
-6034
-6026
-6025
-6021
-6020
-6015
-6011
-6009
-6005
-5989
-5989
-5965
-5963
-5962
-5949
-5943
-5921
-5913
-5907
-5888
-5880
-5876
-5869
-5867
-5867
-5863
-5862
-5856
-5847
-5843
-5843
-5834
-5817
-5810
-5793
-5781
-5774
-5772
-5770
-5769
-5766
-5764
-5756
-5751
-5750
-5746
-5742
-5738
-5737
-5726
-5722
-5721
-5719
-5700
-5668
-5664
-5661
-5653
-5644
-5640
-5639
-5635
-5630
-5628
-5622
-5622
-5607
-5586
-5577
-5576
-5569
-5562
-5556
-5544
-5537
-5534
-5501
-5492
-5483
-5483
-5477
-5475
-5468
-5465
-5457
-5455
-5448
-5434
-5429
-5418
-5415
-5414
-5401
-5397
-5385
-5383
-5378
-5369
-5362
-5356
-5336
-5330
-5317
-5316
-5314
-5313
-5296
-5288
-5281
-5276
-5269
-5264
-5262
-5260
-5256
-5253
-5236
-5234
-5230
-5221
-5221
-5214
-5214
-5210
-5200
-5194
-5189
-5186
-5180
-5179
-5166
-5157
-5142
-5142
-5139
-5130
-5130
-5116
-5111
-5102
-5096
-5084
-5082
-5081
-5068
-5061
-5061
-5059
-5058
-5051
-5034
-5033
-5031
-5020
-5008
-4995
-4988
-4975
-4966
-4952
-4944
-4937
-4922
-4899
-4895
-4887
-4884
-4878
-4878
-4871
-4860
-4853
-4844
-4838
-4833
-4830
-4824
-4823
-4819
-4811
-4805
-4805
-4802
-4802
-4800
-4787
-4783
-4775
-4769
-4764
-4759
-4757
-4742
-4742
-4740
-4736
-4733
-4725
-4713
-4704
-4703
-4702
-4702
-4701
-4698
-4665
-4665
-4665
-4652
-4651
-4650
-4641
-4640
-4627
-4619
-4614
-4610
-4605
-4604
-4599
-4596
-4595
-4592
-4592
-4587
-4585
-4576
-4573
-4568
-4567
-4566
-4563
-4522
-4520
-4509
-4509
-4508
-4505
-4495
-4493
-4484
-4476
-4473
-4468
-4461
-4459
-4458
-4448
-4448
-4446
-4444
-4444
-4440
-4439
-4425
-4422
-4412
-4410
-4410
-4409
-4406
-4398
-4397
-4394
-4394
-4392
-4392
-4380
-4377
-4376
-4375
-4368
-4358
-4344
-4343
-4343
-4340
-4338
-4337
-4324
-4318
-4301
-4296
-4291
-4284
-4278
-4268
-4265
-4264
-4251
-4250
-4234
-4229
-4228
-4214
-4209
-4198
-4185
-4179
-4169
-4167
-4166
-4166
-4155
-4153
-4145
-4143
-4134
-4127
-4123
-4121
-4118
-4116
-4116
-4108
-4107
-4096
-4092
-4088
-4078
-4061
-4057
-4055
-4047
-4038
-4035
-4029
-4029
-4026
-4023
-4006
-4006
-4005
-4004
-3995
-3992
-3991
-3990
-3989
-3988
-3980
-3970
-3960
-3959
-3956
-3947
-3945
-3945
-3937
-3935
-3934
-3932
-3930
-3928
-3924
-3919
-3899
-3875
-3869
-3862
-3855
-3850
-3845
-3838
-3831
-3824
-3823
-3798
-3786
-3774
-3769
-3764
-3762
-3761
-3760
-3757
-3753
-3738
-3710
-3698
-3693
-3688
-3684
-3673
-3659
-3653
-3639
-3637
-3624
-3619
-3603
-3602
-3597
-3572
-3563
-3562
-3560
-3552
-3551
-3535
-3529
-3528
-3528
-3523
-3498
-3497
-3476
-3457
-3456
-3452
-3447
-3445
-3437
-3433
-3422
-3421
-3410
-3408
-3408
-3400
-3391
-3381
-3378
-3374
-3373
-3371
-3370
-3357
-3357
-3356
-3331
-3319
-3318
-3313
-3312
-3302
-3301
-3297
-3288
-3286
-3283
-3280
-3278
-3276
-3263
-3257
-3257
-3255
-3224
-3224
-3214
-3210
-3169
-3166
-3162
-3157
-3151
-3150
-3144
-3128
-3116
-3105
-3097
-3095
-3084
-3066
-3058
-3047
-3047
-3039
-3034
-3013
-2977
-2975
-2974
-2972
-2970
-2959
-2958
-2958
-2953
-2950
-2947
-2943
-2939
-2928
-2902
-2887
-2877
-2856
-2853
-2852
-2848
-2839
-2838
-2826
-2815
-2802
-2800
-2794
-2783
-2777
-2772
-2769
-2764
-2762
-2762
-2759
-2757
-2749
-2749
-2732
-2727
-2722
-2716
-2694
-2694
-2693
-2686
-2683
-2674
-2668
-2667
-2652
-2651
-2646
-2644
-2642
-2642
-2624
-2612
-2607
-2606
-2603
-2599
-2596
-2569
-2565
-2564
-2559
-2559
-2558
-2547
-2545
-2542
-2540
-2536
-2528
-2526
-2521
-2516
-2505
-2502
-2500
-2496
-2491
-2481
-2478
-2475
-2471
-2465
-2459
-2457
-2457
-2437
-2435
-2420
-2414
-2404
-2396
-2390
-2385
-2379
-2374
-2367
-2357
-2343
-2334
-2332
-2329
-2329
-2323
-2311
-2292
-2268
-2258
-2256
-2254
-2246
-2224
-2223
-2222
-2222
-2222
-2220
-2213
-2211
-2208
-2206
-2204
-2203
-2203
-2194
-2192
-2190
-2183
-2183
-2169
-2168
-2167
-2165
-2154
-2150
-2143
-2142
-2130
-2130
-2129
-2093
-2076
-2074
-2073
-2072
-2072
-2070
-2065
-2036
-2032
-2025
-2022
-2021
-2008
-2002
-2000
-1998
-1997
-1997
-1995
-1986
-1985
-1977
-1976
-1973
-1961
-1956
-1952
-1948
-1945
-1942
-1940
-1939
-1937
-1931
-1927
-1927
-1926
-1905
-1903
-1898
-1896
-1889
-1872
-1869
-1847
-1840
-1825
-1824
-1807
-1805
-1797
-1784
-1782
-1748
-1742
-1742
-1742
-1739
-1739
-1738
-1725
-1720
-1718
-1716
-1714
-1706
-1704
-1703
-1695
-1691
-1690
-1680
-1679
-1677
-1670
-1662
-1647
-1637
-1634
-1631
-1622
-1621
-1613
-1603
-1600
-1595
-1589
-1583
-1582
-1579
-1576
-1562
-1562
-1556
-1553
-1544
-1538
-1531
-1513
-1507
-1486
-1464
-1458
-1450
-1449
-1448
-1447
-1424
-1413
-1378
-1373
-1373
-1372
-1365
-1362
-1340
-1340
-1338
-1330
-1327
-1317
-1317
-1309
-1308
-1306
-1304
-1303
-1302
-1296
-1288
-1287
-1276
-1267
-1260
-1256
-1255
-1251
-1236
-1229
-1218
-1210
-1202
-1187
-1187
-1181
-1180
-1167
-1160
-1141
-1134
-1129
-1120
-1118
-1114
-1113
-1111
-1108
-1061
-1050
-1047
-1034
-1034
-1026
-1017
-985
-983
-981
-969
-959
-933
-930
-925
-917
-903
-890
-889
-885
-880
-874
-871
-865
-864
-843
-835
-831
-827
-818
-806
-801
-800
-795
-793
-790
-781
-779
-772
-770
-766
-764
-762
-760
-757
-742
-732
-730
-717
-717
-717
-696
-685
-679
-676
-672
-665
-655
-653
-652
-652
-639
-637
-636
-634
-627
-620
-607
-602
-591
-588
-583
-573
-562
-555
-555
-552
-546
-536
-532
-529
-523
-507
-503
-491
-489
-488
-486
-482
-476
-471
-469
-461
-461
-442
-438
-437
-429
-421
-418
-415
-413
-408
-398
-396
-376
-371
-364
-360
-350
-349
-347
-342
-337
-330
-329
-320
-320
-318
-315
-310
-309
-294
-291
-288
-287
-277
-275
-266
-245
-214
-204
-191
-180
-177
-172
-159
-157
-150
-147
-141
-117
-117
-114
-113
-113
-106
-103
-80
-69
-68
-68
-60
-34
-10
-4
-1
19
24
24
26
32
32
38
42
71
74
80
97
97
100
111
115
134
148
149
157
159
164
170
177
182
196
196
209
222
222
222
227
228
234
238
240
241
266
271
272
273
282
283
289
290
291
294
294
313
317
320
320
321
329
332
334
340
340
348
354
359
399
408
408
414
416
428
435
437
443
454
454
462
463
465
481
492
514
529
532
550
561
563
563
564
578
591
595
596
602
606
606
610
616
618
629
630
630
638
655
658
658
673
676
678
691
695
699
700
701
702
707
708
708
716
722
724
729
735
738
740
751
757
757
763
770
773
781
803
810
813
820
827
828
833
837
848
849
862
870
873
885
887
889
904
911
927
939
947
948
960
971
974
974
978
982
987
991
991
992
1003
1009
1013
1015
1020
1028
1044
1055
1063
1063
1068
1070
1076
1081
1086
1091
1100
1104
1122
1125
1136
1142
1166
1170
1175
1193
1201
1213
1213
1236
1259
1266
1289
1293
1300
1305
1306
1306
1309
1311
1313
1318
1333
1345
1354
1359
1361
1375
1377
1396
1400
1411
1424
1437
1441
1442
1452
1460
1476
1480
1481
1493
1494
1495
1499
1500
1500
1504
1516
1522
1535
1555
1558
1565
1572
1588
1595
1598
1600
1605
1614
1614
1627
1636
1644
1652
1654
1668
1681
1681
1682
1688
1690
1691
1695
1702
1706
1710
1715
1715
1718
1719
1739
1754
1763
1765
1767
1768
1772
1775
1785
1809
1813
1814
1818
1822
1836
1844
1846
1854
1860
1863
1868
1876
1877
1894
1896
1896
1905
1907
1911
1914
1920
1929
1966
1970
1976
1983
1994
2004
2007
2008
2018
2033
2048
2053
2055
2055
2074
2076
2080
2090
2091
2099
2111
2117
2118
2120
2138
2145
2164
2167
2172
2187
2193
2194
2234
2240
2246
2253
2260
2261
2266
2272
2277
2288
2297
2310
2325
2329
2335
2347
2355
2355
2356
2361
2362
2371
2385
2391
2392
2393
2394
2406
2407
2415
2416
2419
2422
2432
2436
2447
2451
2455
2470
2473
2477
2481
2501
2504
2505
2508
2516
2520
2520
2523
2535
2537
2539
2542
2567
2582
2582
2583
2583
2584
2587
2595
2599
2599
2605
2615
2623
2624
2624
2641
2661
2663
2666
2667
2669
2669
2710
2713
2714
2717
2732
2751
2752
2771
2781
2785
2785
2797
2799
2806
2807
2808
2813
2815
2817
2822
2828
2831
2831
2842
2847
2865
2869
2876
2891
2894
2903
2906
2918
2918
2918
2924
2935
2941
2943
2945
2946
2950
2959
2969
2969
2977
2979
2986
2987
2990
2990
2998
3052
3055
3056
3062
3062
3086
3088
3090
3091
3106
3110
3111
3121
3123
3125
3125
3126
3131
3137
3145
3148
3162
3167
3179
3187
3204
3210
3213
3215
3219
3228
3232
3234
3237
3244
3255
3282
3302
3328
3338
3354
3364
3365
3367
3367
3379
3380
3383
3383
3388
3396
3403
3411
3411
3424
3429
3441
3441
3446
3469
3471
3472
3483
3487
3489
3496
3518
3519
3526
3536
3542
3549
3555
3561
3561
3563
3564
3566
3569
3571
3581
3582
3589
3594
3595
3602
3608
3614
3624
3625
3626
3644
3648
3650
3656
3660
3674
3691
3697
3718
3719
3720
3725
3726
3730
3738
3740
3745
3748
3760
3770
3777
3779
3790
3794
3795
3798
3798
3798
3811
3812
3813
3815
3818
3819
3826
3829
3831
3832
3833
3838
3843
3848
3854
3856
3863
3864
3864
3882
3893
3922
3922
3927
3938
3961
3976
4002
4002
4004
4004
4015
4028
4034
4035
4039
4043
4046
4048
4049
4063
4069
4073
4079
4084
4085
4087
4088
4099
4104
4105
4118
4121
4127
4128
4142
4142
4155
4158
4178
4197
4213
4222
4226
4226
4233
4236
4239
4243
4256
4262
4272
4279
4288
4288
4296
4300
4315
4323
4324
4341
4344
4348
4362
4363
4375
4377
4385
4389
4392
4403
4412
4412
4414
4422
4434
4440
4447
4458
4459
4459
4460
4461
4471
4498
4500
4504
4516
4517
4529
4529
4553
4561
4564
4569
4570
4576
4583
4585
4586
4587
4588
4591
4602
4606
4607
4615
4616
4629
4633
4633
4636
4643
4676
4678
4679
4683
4699
4706
4706
4727
4733
4736
4745
4763
4787
4790
4804
4806
4809
4820
4820
4822
4823
4828
4835
4860
4871
4880
4881
4894
4917
4921
4924
4930
4935
4952
4967
4985
4994
4998
5003
5009
5009
5016
5024
5024
5025
5029
5034
5038
5039
5040
5054
5062
5083
5087
5087
5110
5110
5114
5129
5129
5132
5133
5144
5148
5158
5209
5224
5242
5247
5249
5294
5299
5303
5303
5305
5312
5315
5335
5335
5341
5359
5373
5373
5375
5376
5393
5399
5404
5410
5415
5420
5426
5434
5447
5451
5477
5480
5482
5484
5487
5491
5498
5500
5504
5505
5510
5518
5523
5535
5543
5565
5572
5574
5583
5604
5612
5613
5613
5620
5624
5625
5649
5655
5666
5668
5670
5677
5681
5689
5695
5695
5700
5703
5709
5723
5725
5726
5728
5731
5739
5743
5758
5759
5767
5769
5771
5782
5784
5791
5808
5815
5824
5827
5827
5835
5840
5843
5855
5859
5869
5869
5872
5874
5883
5890
5891
5903
5919
5929
5936
5945
5952
5958
5964
5972
5975
5985
5993
6005
6016
6026
6026
6034
6040
6048
6084
6087
6091
6131
6142
6155
6161
6166
6171
6173
6181
6181
6185
6186
6190
6192
6193
6193
6209
6219
6230
6245
6245
6254
6254
6254
6257
6257
6262
6264
6275
6281
6281
6283
6301
6305
6309
6323
6336
6347
6349
6355
6361
6388
6389
6390
6406
6412
6413
6416
6417
6419
6431
6434
6460
6471
6474
6479
6480
6485
6493
6497
6503
6505
6506
6517
6520
6520
6530
6533
6553
6556
6565
6569
6569
6575
6582
6586
6592
6592
6616
6622
6634
6643
6646
6656
6667
6668
6668
6681
6687
6691
6703
6705
6706
6707
6717
6718
6718
6733
6735
6745
6762
6768
6783
6797
6802
6810
6822
6831
6845
6858
6860
6862
6864
6869
6870
6879
6885
6888
6894
6905
6907
6912
6912
6913
6924
6927
6960
6967
6981
6984
6989
7007
7008
7009
7019
7020
7038
7042
7048
7056
7058
7066
7075
7076
7076
7079
7103
7114
7121
7124
7133
7138
7141
7143
7157
7166
7168
7171
7184
7189
7197
7198
7201
7217
7221
7227
7233
7235
7241
7245
7248
7253
7259
7261
7267
7267
7269
7273
7288
7299
7314
7322
7328
7334
7343
7369
7372
7386
7386
7398
7399
7402
7403
7405
7405
7409
7412
7424
7433
7441
7453
7455
7460
7474
7477
7494
7511
7540
7540
7545
7549
7553
7554
7556
7558
7560
7564
7565
7568
7574
7574
7587
7603
7608
7617
7620
7620
7623
7624
7634
7635
7641
7659
7678
7681
7696
7736
7747
7755
7757
7757
7763
7765
7769
7786
7788
7788
7790
7801
7804
7806
7831
7839
7844
7860
7860
7861
7862
7862
7866
7893
7896
7900
7906
7913
7913
7916
7924
7926
7929
7934
7947
7953
7959
7961
7964
7971
7974
7978
7986
7993
7999
8000
8006
8012
8012
8019
8021
8024
8025
8027
8034
8038
8041
8043
8046
8047
8048
8050
8052
8057
8082
8090
8092
8092
8092
8098
8098
8103
8111
8112
8115
8117
8121
8122
8138
8141
8147
8156
8156
8166
8166
8167
8169
8197
8208
8213
8213
8229
8247
8250
8254
8254
8255
8267
8281
8282
8292
8293
8297
8298
8299
8302
8303
8315
8327
8329
8345
8354
8354
8356
8361
8363
8370
8374
8393
8400
8405
8408
8414
8416
8418
8419
8426
8441
8453
8458
8459
8462
8478
8500
8508
8520
8524
8527
8533
8542
8544
8545
8546
8546
8547
8555
8565
8572
8577
8583
8584
8591
8596
8605
8621
8624
8638
8645
8645
8645
8647
8660
8663
8665
8668
8669
8671
8692
8698
8709
8712
8722
8730
8739
8741
8742
8747
8747
8748
8752
8762
8774
8806
8824
8825
8826
8837
8850
8852
8857
8872
8876
8889
8897
8905
8916
8922
8964
8970
8971
8978
8980
8990
9010
9011
9022
9032
9040
9043
9054
9057
9068
9069
9080
9091
9095
9097
9099
9100
9105
9105
9115
9122
9128
9129
9138
9144
9162
9166
9176
9185
9191
9201
9205
9206
9217
9247
9252
9293
9303
9304
9304
9308
9318
9326
9326
9328
9333
9337
9353
9363
9371
9373
9374
9378
9384
9385
9388
9390
9403
9403
9409
9414
9416
9420
9429
9431
9434
9440
9441
9447
9448
9457
9458
9461
9464
9465
9471
9481
9493
9493
9497
9503
9508
9511
9511
9517
9521
9524
9528
9534
9541
9544
9557
9605
9609
9611
9612
9631
9631
9631
9642
9658
9658
9679
9706
9709
9718
9718
9734
9748
9753
9754
9761
9765
9769
9781
9801
9803
9808
9812
9843
9849
9852
9855
9869
9876
9879
9899
9911
9923
9929
9949
9950
9953
9954
9970
9974
9977
9978
9987
9992
9993
9995
10012
10015
10030
10030
10032
10034
10034
10036
10046
10052
10059
10061
10064
10085
10091
10094
10102
10108
10117
10136
10140
10144
10144
10149
10154
10155
10160
10184
10187
10197
10203
10235
10238
10245
10246
10246
10247
10252
10261
10267
10284
10286
10298
10300
10308
10316
10322
10324
10324
10325
10328
10337
10342
10347
10349
10370
10376
10377
10377
10378
10384
10386
10387
10388
10388
10391
10395
10404
10422
10423
10424
10436
10441
10459
10464
10465
10467
10470
10471
10474
10482
10484
10501
10503
10512
10518
10523
10533
10534
10544
10549
10555
10557
10570
10583
10590
10593
10600
10609
10619
10622
10637
10637
10659
10664
10684
10690
10693
10705
10711
10713
10713
10716
10729
10737
10744
10748
10748
10753
10766
10774
10788
10799
10806
10808
10813
10831
10834
10835
10841
10844
10848
10848
10861
10865
10871
10889
10912
10926
10933
10935
10936
10938
10938
10947
10950
10957
10962
10967
10980
10996
10997
11015
11017
11019
11023
11027
11034
11041
11042
11052
11063
11068
11068
11073
11080
11080
11084
11088
11091
11099
11112
11120
11125
11125
11128
11128
11129
11137
11141
11141
11153
11160
11165
11165
11166
11171
11180
11184
11208
11208
11232
11255
11262
11266
11267
11272
11281
11283
11286
11292
11292
11305
11317
11324
11329
11331
11332
11340
11349
11365
11375
11392
11397
11401
11402
11406
11411
11417
11419
11419
11420
11420
11423
11427
11430
11447
11448
11449
11452
11456
11472
11481
11507
11526
11526
11529
11530
11536
11550
11555
11556
11556
11558
11566
11569
11570
11579
11609
11654
11654
11657
11661
11662
11673
11676
11680
11680
11685
11686
11689
11699
11699
11699
11701
11720
11737
11740
11755
11755
11774
11777
11793
11809
11826
11827
11834
11834
11839
11848
11859
11872
11879
11883
11893
11903
11910
11917
11919
11920
11930
11932
11937
11952
11954
11956
11975
11977
11990
12000
12022
12025
12038
12047
12048
12068
12104
12105
12108
12116
12131
12145
12147
12149
12150
12163
12165
12179
12201
12211
12212
12212
12231
12231
12254
12257
12265
12270
12292
12313
12313
12313
12314
12322
12325
12328
12329
12332
12350
12352
12354
12360
12361
12367
12367
12373
12388
12388
12396
12414
12427
12437
12440
12451
12452
12460
12462
12471
12498
12501
12504
12506
12512
12523
12531
12535
12541
12542
12546
12550
12553
12554
12583
12585
12587
12589
12604
12607
12608
12614
12615
12621
12627
12630
12637
12638
12649
12650
12660
12668
12678
12700
12701
12704
12705
12709
12728
12730
12731
12737
12742
12747
12750
12764
12766
12770
12772
12778
12787
12792
12793
12794
12795
12815
12816
12817
12822
12822
12823
12828
12838
12839
12844
12860
12860
12879
12879
12881
12888
12901
12913
12914
12915
12927
12937
12938
12940
12946
12955
12967
12971
12984
12984
12986
13010
13012
13026
13028
13036
13037
13041
13047
13048
13054
13056
13064
13064
13064
13072
13089
13091
13104
13120
13124
13128
13129
13139
13140
13147
13149
13150
13155
13170
13177
13182
13186
13190
13201
13201
13206
13212
13217
13225
13234
13242
13242
13251
13257
13264
13265
13266
13278
13280
13285
13290
13291
13305
13309
13314
13330
13334
13335
13338
13344
13353
13356
13364
13366
13368
13374
13375
13377
13383
13389
13401
13408
13411
13424
13432
13432
13435
13437
13446
13446
13449
13449
13456
13467
13473
13480
13488
13493
13502
13516
13517
13528
13531
13535
13536
13544
13558
13560
13563
13563
13564
13570
13571
13585
13616
13617
13622
13641
13641
13641
13645
13649
13649
13650
13672
13676
13683
13687
13698
13704
13708
13714
13734
13735
13737
13743
13743
13752
13758
13765
13771
13787
13788
13792
13810
13819
13830
13842
13850
13852
13856
13860
13868
13879
13881
13890
13908
13919
13970
13971
13974
13996
14001
14019
14024
14031
14031
14034
14052
14071
14081
14085
14088
14097
14104
14106
14116
14120
14121
14123
14149
14156
14157
14166
14174
14184
14184
14185
14185
14188
14204
14213
14222
14246
14252
14253
14256
14260
14270
14282
14298
14302
14303
14315
14319
14320
14342
14354
14368
14380
14384
14413
14417
14420
14425
14433
14434
14434
14435
14438
14439
14453
14457
14479
14486
14488
14504
14511
14545
14549
14561
14566
14566
14573
14590
14591
14596
14598
14604
14613
14617
14618
14622
14634
14635
14637
14639
14643
14651
14652
14655
14660
14666
14675
14677
14691
14700
14703
14709
14710
14713
14716
14717
14720
14721
14725
14734
14738
14750
14759
14761
14769
14776
14779
14792
14792
14793
14822
14825
14826
14829
14842
14843
14849
14852
14854
14866
14880
14894
14904
14916
14918
14919
14929
14930
14936
14943
14943
14946
14951
14963
14972
14977
14980
14981
14983
14986
14991
15002
15006
15017
15023
15025
15032
15035
15040
15041
15043
15049
15049
15057
15071
15075
15088
15098
15103
15107
15113
15113
15114
15120
15123
15132
15135
15138
15139
15145
15163
15164
15166
15186
15190
15196
15196
15200
15213
15213
15225
15232
15233
15240
15241
15241
15243
15248
15261
15263
15270
15282
15289
15293
15294
15302
15304
15304
15305
15310
15310
15315
15323
15327
15335
15337
15341
15348
15350
15359
15388
15397
15397
15398
15400
15403
15407
15408
15416
15419
15419
15421
15438
15447
15447
15451
15452
15457
15462
15477
15479
15493
15494
15498
15501
15501
15502
15539
15542
15550
15579
15580
15588
15592
15602
15606
15620
15620
15627
15634
15638
15643
15646
15647
15659
15674
15675
15682
15691
15698
15700
15707
15708
15709
15712
15718
15720
15735
15745
15753
15755
15762
15766
15789
15791
15806
15810
15822
15831
15835
15859
15862
15864
15883
15884
15896
15897
15898
15920
15926
15928
15937
15943
15953
15967
15972
15987
15987
15989
15992
16002
16003
16009
16033
16037
16046
16058
16074
16090
16097
16107
16113
16125
16127
16127
16133
16141
16145
16151
16157
16157
16177
16185
16197
16203
16212
16222
16226
16235
16240
16244
16248
16251
16256
16258
16272
16284
16286
16295
16308
16311
16321
16324
16325
16332
16334
16342
16346
16354
16357
16358
16373
16384
16387
16388
16396
16403
16411
16436
16437
16437
16450
16455
16460
16471
16476
16482
16486
16490
16492
16496
16513
16520
16521
16522
16524
16525
16527
16528
16537
16546
16546
16552
16555
16557
16567
16568
16569
16575
16577
16577
16577
16580
16584
16593
16595
16602
16612
16617
16625
16632
16632
16636
16645
16656
16677
16685
16694
16705
16706
16723
16739
16743
16750
16759
16762
16777
16779
16781
16785
16788
16788
16791
16792
16794
16803
16819
16828
16830
16837
16844
16845
16849
16851
16856
16857
16863
16866
16883
16886
16927
16927
16929
16930
16935
16936
16941
16979
16990
16991
17018
17035
17037
17053
17061
17077
17088
17093
17097
17110
17116
17118
17129
17133
17137
17144
17144
17150
17154
17155
17165
17175
17182
17184
17187
17190
17196
17200
17207
17216
17217
17226
17229
17230
17231
17233
17258
17258
17261
17261
17265
17273
17280
17291
17296
17300
17307
17309
17319
17321
17321
17328
17330
17333
17336
17337
17344
17353
17361
17375
17377
17379
17380
17382
17383
17391
17396
17408
17420
17433
17434
17447
17447
17455
17461
17469
17469
17478
17484
17489
17503
17504
17514
17534
17536
17546
17546
17555
17555
17564
17570
17587
17590
17603
17604
17612
17623
17650
17653
17658
17663
17665
17667
17669
17673
17679
17681
17684
17689
17689
17692
17696
17702
17702
17709
17710
17722
17730
17738
17740
17742
17757
17760
17763
17770
17771
17781
17792
17795
17807
17808
17819
17820
17832
17832
17844
17857
17858
17861
17866
17867
17873
17891
17896
17898
17908
17911
17913
17917
17927
17929
17939
17943
17944
17957
17965
17967
17974
17997
17998
18019
18033
18035
18063
18078
18083
18088
18097
18109
18111
18112
18113
18116
18137
18148
18159
18166
18169
18172
18173
18174
18179
18183
18184
18193
18193
18203
18212
18225
18227
18238
18249
18268
18277
18279
18289
18311
18316
18317
18318
18328
18330
18337
18342
18347
18351
18352
18355
18362
18363
18364
18365
18369
18376
18380
18388
18398
18400
18401
18404
18426
18426
18429
18432
18435
18436
18438
18439
18447
18450
18457
18482
18491
18498
18501
18502
18515
18531
18537
18549
18557
18572
18577
18585
18592
18597
18599
18608
18616
18616
18645
18654
18666
18666
18670
18675
18681
18693
18700
18703
18721
18730
18734
18734
18736
18747
18752
18768
18769
18783
18786
18801
18804
18806
18814
18825
18826
18828
18832
18849
18849
18866
18867
18881
18883
18900
18908
18911
18917
18918
18925
18930
18931
18947
18952
18955
18962
18968
18974
18976
18977
18988
18990
18991
18992
18994
19000
19001
19003
19035
19043
19046
19054
19055
19059
19064
19070
19074
19085
19092
19099
19099
19111
19111
19117
19126
19128
19130
19134
19140
19151
19151
19167
19169
19177
19179
19198
19202
19226
19241
19244
19247
19247
19270
19277
19278
19283
19285
19289
19298
19298
19302
19303
19309
19320
19320
19330
19330
19336
19337
19350
19366
19373
19378
19382
19382
19385
19387
19387
19390
19391
19409
19410
19416
19431
19434
19434
19443
19450
19466
19470
19478
19488
19492
19493
19498
19514
19516
19517
19530
19533
19537
19539
19544
19558
19561
19565
19570
19573
19574
19592
19602
19607
19618
19619
19622
19634
19634
19651
19661
19672
19688
19690
19695
19696
19721
19723
19725
19727
19737
19738
19739
19741
19743
19747
19753
19753
19763
19764
19778
19803
19816
19823
19824
19827
19834
19836
19844
19853
19858
19869
19876
19877
19884
19894
19911
19919
19920
19921
19928
19928
19932
19937
19941
19942
19958
19961
19965
19977
19985
19987
19999
20010
20020
20028
20035
20037
20043
20048
20061
20078
20092
20111
20117
20124
20125
20127
20149
20151
20179
20180
20186
20191
20191
20191
20200
20213
20222
20228
20237
20247
20248
20263
20275
20277
20278
20280
20280
20284
20291
20294
20302
20306
20309
20325
20329
20329
20334
20346
20354
20362
20364
20366
20366
20368
20370
20372
20377
20378
20379
20380
20384
20398
20411
20426
20429
20438
20441
20441
20443
20456
20468
20470
20471
20482
20482
20489
20492
20492
20498
20516
20521
20532
20551
20570
20583
20589
20590
20599
20620
20623
20638
20651
20651
20659
20663
20665
20673
20676
20686
20691
20695
20703
20708
20711
20715
20717
20730
20733
20736
20742
20743
20744
20760
20763
20773
20782
20783
20796
20801
20826
20836
20843
20843
20846
20847
20850
20864
20865
20874
20882
20891
20892
20910
20920
20929
20930
20939
20957
20957
20958
20977
20982
20986
20991
21016
21032
21036
21039
21040
21041
21044
21049
21050
21052
21054
21064
21069
21076
21078
21087
21088
21094
21103
21103
21119
21124
21124
21125
21127
21128
21129
21130
21140
21146
21147
21164
21176
21178
21195
21200
21205
21205
21210
21211
21214
21220
21233
21245
21247
21253
21262
21263
21267
21272
21292
21314
21318
21323
21330
21335
21337
21338
21338
21344
21350
21358
21360
21377
21399
21404
21405
21422
21422
21423
21423
21427
21431
21450
21450
21454
21462
21492
21501
21510
21522
21528
21537
21546
21567
21571
21572
21577
21580
21585
21595
21604
21611
21611
21615
21628
21636
21643
21652
21656
21663
21664
21677
21680
21683
21689
21702
21707
21707
21722
21742
21754
21754
21763
21773
21776
21782
21797
21799
21806
21819
21823
21829
21833
21838
21838
21845
21857
21870
21876
21879
21892
21895
21899
21904
21906
21912
21918
21920
21928
21932
21938
21938
21954
21955
21965
21969
21971
22015
22020
22024
22051
22054
22067
22073
22091
22095
22097
22111
22111
22114
22115
22119
22123
22134
22135
22138
22151
22157
22161
22176
22178
22184
22187
22190
22196
22208
22209
22230
22234
22237
22244
22246
22292
22303
22311
22322
22326
22344
22344
22356
22362
22376
22378
22387
22407
22410
22411
22417
22417
22426
22436
22441
22444
22461
22482
22483
22488
22489
22496
22497
22508
22511
22524
22525
22527
22531
22531
22536
22541
22541
22543
22543
22544
22547
22554
22555
22556
22570
22586
22588
22594
22596
22599
22599
22616
22628
22629
22643
22650
22654
22659
22660
22675
22679
22683
22700
22709
22721
22729
22731
22740
22747
22759
22764
22766
22772
22778
22789
22828
22829
22841
22846
22857
22863
22869
22895
22904
22913
22913
22915
22917
22918
22930
22934
22945
22956
22971
22974
22979
23008
23019
23025
23036
23038
23038
23040
23042
23048
23064
23090
23091
23099
23108
23123
23129
23135
23137
23143
23149
23149
23158
23159
23161
23163
23174
23174
23177
23181
23185
23201
23203
23207
23211
23218
23231
23242
23251
23267
23280
23280
23290
23301
23306
23319
23320
23331
23344
23349
23350
23360
23362
23365
23398
23413
23428
23433
23437
23439
23444
23446
23480
23487
23491
23495
23502
23506
23507
23508
23516
23517
23537
23539
23541
23541
23545
23548
23550
23554
23567
23571
23571
23581
23590
23598
23605
23636
23640
23641
23646
23648
23677
23678
23681
23686
23692
23703
23703
23706
23711
23715
23718
23722
23723
23728
23734
23735
23736
23742
23744
23755
23767
23768
23785
23787
23793
23798
23798
23814
23824
23829
23834
23835
23849
23851
23852
23860
23867
23869
23873
23881
23888
23894
23917
23919
23936
23938
23940
23947
23948
23948
23952
23958
23974
23977
23985
23995
24002
24004
24009
24017
24019
24019
24026
24034
24037
24045
24049
24049
24051
24056
24060
24082
24086
24088
24089
24105
24106
24109
24116
24121
24144
24156
24170
24200
24202
24203
24205
24205
24205
24211
24214
24224
24226
24229
24237
24238
24245
24246
24246
24267
24271
24274
24276
24286
24293
24302
24309
24313
24313
24318
24319
24323
24329
24339
24346
24346
24346
24350
24351
24352
24353
24358
24362
24362
24364
24371
24376
24399
24420
24424
24435
24437
24442
24448
24451
24457
24457
24458
24460
24473
24473
24479
24487
24497
24503
24519
24528
24530
24535
24542
24546
24549
24562
24569
24572
24583
24591
24599
24612
24617
24619
24624
24625
24642
24661
24664
24665
24680
24681
24708
24708
24709
24713
24714
24721
24734
24738
24747
24752
24757
24761
24770
24807
24810
24810
24820
24826
24844
24853
24856
24860
24862
24864
24867
24877
24911
24913
24919
24929
24935
24940
24944
24950
24962
24964
24969
24978
25001
25002
25002
25016
25016
25017
25023
25024
25025
25025
25036
25038
25043
25045
25048
25051
25066
25070
25081
25087
25087
25096
25098
25112
25114
25116
25120
25134
25137
25143
25146
25163
25164
25186
25189
25190
25191
25201
25202
25209
25215
25221
25229
25233
25258
25266
25276
25281
25285
25287
25289
25289
25294
25301
25315
25316
25318
25326
25343
25343
25344
25354
25359
25362
25362
25370
25372
25383
25384
25386
25388
25410
25416
25419
25423
25427
25439
25443
25444
25446
25458
25461
25465
25466
25468
25471
25475
25492
25499
25501
25506
25515
25533
25536
25558
25565
25575
25605
25608
25618
25620
25623
25641
25646
25648
25655
25660
25663
25664
25682
25686
25696
25701
25706
25708
25711
25712
25712
25724
25732
25733
25754
25756
25763
25770
25775
25777
25784
25792
25793
25793
25794
25801
25812
25815
25821
25830
25833
25834
25842
25842
25845
25845
25871
25872
25893
25916
25918
25947
25949
25972
25976
25977
25981
25983
25983
25988
25991
26002
26004
26007
26013
26019
26021
26022
26025
26032
26044
26049
26056
26061
26070
26071
26073
26076
26077
26080
26085
26088
26094
26099
26115
26128
26134
26141
26147
26150
26151
26154
26156
26158
26162
26165
26175
26178
26179
26194
26198
26206
26208
26212
26232
26235
26237
26242
26243
26244
26255
26259
26265
26269
26277
26278
26282
26282
26284
26297
26305
26312
26317
26317
26319
26331
26332
26349
26353
26360
26360
26365
26365
26371
26372
26381
26385
26391
26394
26395
26409
26426
26428
26436
26436
26442
26449
26453
26463
26464
26478
26479
26484
26486
26492
26496
26507
26512
26518
26523
26528
26538
26541
26542
26560
26562
26567
26579
26580
26586
26586
26606
26620
26625
26628
26628
26634
26635
26636
26638
26679
26681
26682
26686
26694
26697
26722
26727
26730
26741
26761
26770
26776
26782
26789
26790
26823
26830
26845
26865
26868
26869
26870
26873
26875
26881
26884
26886
26902
26904
26921
26925
26932
26948
26949
26952
26956
26960
26973
26973
26981
26986
26986
27014
27017
27025
27026
27030
27031
27049
27057
27069
27074
27077
27087
27093
27099
27104
27113
27120
27122
27125
27128
27128
27134
27141
27142
27143
27157
27158
27165
27165
27166
27167
27168
27182
27183
27183
27189
27190
27193
27223
27226
27227
27259
27267
27274
27288
27298
27298
27301
27306
27351
27355
27360
27367
27369
27375
27400
27404
27407
27421
27421
27466
27470
27485
27489
27498
27519
27526
27537
27545
27553
27559
27574
27575
27583
27589
27595
27597
27600
27622
27623
27623
27623
27629
27636
27637
27656
27660
27664
27666
27670
27675
27677
27687
27689
27692
27713
27714
27723
27737
27749
27778
27781
27783
27793
27794
27809
27816
27817
27824
27833
27837
27840
27847
27851
27854
27855
27857
27861
27881
27895
27927
27935
27949
27953
27963
27965
27988
27995
27998
28002
28022
28023
28026
28036
28042
28058
28073
28082
28083
28087
28087
28088
28091
28091
28108
28111
28112
28117
28118
28130
28139
28141
28156
28159
28159
28162
28173
28196
28199
28202
28209
28214
28220
28221
28222
28227
28227
28234
28238
28239
28248
28249
28270
28275
28278
28284
28286
28289
28293
28305
28307
28309
28309
28310
28320
28321
28369
28374
28405
28406
28413
28416
28429
28430
28444
28448
28459
28466
28469
28469
28483
28485
28488
28493
28494
28505
28533
28535
28553
28556
28566
28567
28582
28589
28603
28617
28619
28627
28628
28631
28637
28650
28652
28667
28669
28681
28687
28694
28712
28715
28722
28724
28728
28750
28758
28759
28768
28771
28779
28798
28815
28818
28821
28824
28826
28834
28839
28840
28842
28845
28854
28855
28859
28867
28892
28896
28896
28900
28902
28908
28917
28930
28943
28946
28952
28954
28956
28961
28963
28969
28976
28986
28994
28997
29007
29016
29019
29023
29026
29038
29041
29046
29066
29070
29080
29089
29092
29114
29114
29116
29118
29121
29134
29134
29145
29158
29159
29163
29178
29182
29188
29189
29202
29209
29230
29231
29240
29248
29252
29269
29271
29271
29274
29276
29282
29285
29294
29302
29304
29305
29313
29328
29329
29333
29351
29351
29355
29365
29368
29372
29374
29393
29400
29407
29421
29428
29432
29433
29433
29434
29440
29444
29453
29453
29453
29455
29455
29475
29477
29481
29483
29489
29495
29507
29508
29509
29510
29511
29551
29582
29586
29594
29619
29620
29647
29647
29650
29657
29665
29676
29682
29688
29688
29691
29693
29694
29695
29712
29719
29730
29731
29734
29739
29781
29785
29785
29797
29797
29802
29804
29805
29808
29811
29831
29835
29852
29855
29863
29884
29885
29885
29909
29926
29953
29955
29956
29967
29971
29971
29979
29979
29987
29993
29997
29997
30004
30014
30016
30022
30033
30042
30046
30047
30057
30068
30076
30081
30085
30088
30091
30096
30104
30116
30124
30133
30141
30143
30145
30146
30149
30156
30172
30182
30191
30197
30204
30208
30216
30224
30228
30229
30230
30230
30237
30250
30256
30257
30261
30284
30291
30297
30302
30311
30336
30342
30345
30362
30366
30366
30378
30383
30385
30388
30391
30392
30393
30394
30411
30414
30431
30450
30452
30471
30472
30477
30482
30491
30493
30500
30500
30508
30514
30521
30551
30563
30567
30568
30569
30575
30581
30591
30594
30602
30605
30629
30631
30642
30647
30656
30657
30663
30668
30683
30687
30705
30710
30710
30721
30722
30729
30730
30738
30740
30753
30754
30773
30775
30776
30780
30790
30792
30793
30802
30824
30824
30831
30832
30833
30840
30848
30848
30864
30874
30877
30884
30889
30904
30905
30908
30912
30928
30929
30933
30936
30945
30956
30961
30962
30967
30978
31012
31022
31025
31030
31040
31043
31044
31045
31048
31054
31056
31067
31087
31089
31090
31096
31101
31110
31115
31119
31121
31149
31150
31174
31177
31179
31194
31201
31211
31217
31220
31221
31221
31226
31227
31228
31245
31248
31250
31253
31258
31263
31265
31271
31280
31294
31303
31317
31326
31329
31334
31341
31345
31354
31356
31356
31369
31376
31394
31395
31395
31405
31413
31423
31428
31431
31451
31457
31458
31467
31470
31477
31484
31517
31526
31532
31536
31536
31541
31549
31560
31562
31582
31585
31600
31603
31611
31612
31625
31629
31631
31646
31655
31656
31663
31668
31671
31676
31686
31693
31693
31696
31700
31702
31703
31707
31708
31711
31722
31739
31740
31772
31778
31780
31786
31803
31804
31812
31812
31816
31818
31833
31839
31843
31850
31889
31894
31896
31900
31902
31911
31916
31919
31934
31946
31948
31955
31971
31972
31974
31991
31992
31993
32008
32013
32017
32018
32026
32029
32030
32031
32033
32036
32060
32070
32076
32083
32110
32111
32112
32119
32126
32133
32135
32144
32149
32151
32161
32170
32183
32190
32196
32200
32214
32216
32221
32225
32240
32250
32255
32258
32273
32277
32300
32307
32312
32327
32327
32329
32330
32336
32342
32343
32352
32353
32353
32354
32363
32383
32388
32388
32394
32396
32398
32398
32398
32401
32404
32407
32407
32408
32410
32426
32471
32481
32482
32496
32500
32518
32535
32544
32546
32565
32567
32578
32593
32593
32603
32604
32605
32608
32611
32617
32620
32622
32622
32629
32633
32638
32648
32650
32651
32656
32668
32669
32681
32693
32694
32698
32707
32708
32712
32721
32729
32733
32752
32760
32763
32767
