15196
7926
31470
-24711
-19156
14303
-32763
12257
-13382
-30421
-6045
9765
10436
19738
-4769
-2032
-21785
-26908
28505
23290
-11103
5393
17587
-32457
25770
26194
5144
10841
-20900
-24773
10716
-627
3121
-1670
9390
2055
-26263
21677
-13397
-30328
8012
-29510
-6513
17280
2501
11340
-20883
5158
5723
14918
-15934
-28979
28156
18670
32110
28722
-6604
-4725
25618
-21058
-4185
2393
-19838
-3280
-4944
-318
25444
-10908
8393
-14887
-24119
-16230
-13855
31303
-4493
-24850
16513
-16824
-2732
-29400
3302
17155
20651
-15604
26770
1289
-18290
-18753
25096
6905
-19701
18172
28650
-11981
17663
29080
28406
-3257
-23192
-9616
5209
7953
32426
13683
182
12396
27687
8208
8645
4403
18768
-4394
18337
5624
1236
-21368
-25752
5827
15698
21628
-30274
-21149
27077
7971
-6493
12553
12583
833
-17322
3215
-24735
5034
-11980
-2500
25646
20763
-24118
514
-28796
17261
-16666
16490
8970
-11100
30831
17738
9987
-13094
-18283
26151
2361
-29220
-28447
-20630
-30710
-30691
-25979
22303
-2777
-22669
-9321
28239
-20641
-18934
24086
-7512
12211
12927
-19399
18498
16113
11128
24528
-25280
-7228
-17791
26147
29372
16979
20703
-20515
-19042
11472
8990
-9931
-12734
240
-4166
-11546
-30399
2187
-14672
-4764
13401
31778
21262
-31847
13411
11125
-12393
18311
-21570
-17587
-6506
18925
-1464
29333
27120
29855
9441
-760
-22220
-27134
9057
14916
14716
-9086
-8120
23767
-4444
12731
-15763
-11939
11699
-17393
-9828
-1486
13186
-16664
-28756
15810
13735
20294
-3224
12105
25648
-12357
-13116
-8968
27168
6301
6016
29650
-6264
13672
-31494
2111
20010
18616
18867
18109
-32595
5758
16492
-22581
8712
24049
-31308
-13916
5975
-23824
-24143
-19608
-30940
1739
31582
5767
-19877
-29956
-14629
-7295
-21152
28459
18184
1309
-15731
9068
-3762
16886
-13584
-16568
22292
-32435
-2000
-31749
18908
-11661
-29170
25655
4676
3472
-30060
-23255
-12140
21604
14596
5305
11266
1877
-17163
-31818
-19232
-22781
31067
-6355
3569
4823
-27743
-15119
28867
10544
-15684
18289
-31468
28117
24105
29956
-13836
18592
31948
6497
27623
27833
-10271
-1308
-23396
18752
11676
-16769
-29534
-32648
-6628
-17887
-21695
-17493
-5317
24274
16927
13908
-15645
2371
8052
6586
-6105
17867
-28566
-1317
23590
7056
-25862
28209
7757
-4461
11793
-22383
7986
11755
11041
15477
-6285
17997
9609
11827
5731
-20468
-1706
-9460
31012
987
1504
5700
27837
-32347
18363
2477
-16947
31804
-15025
10370
6087
-17105
-29304
-25816
9517
-8115
18804
-4702
-29456
-5256
-3497
27470
29209
8090
-12810
27851
3922
-29514
-8670
-28089
-17058
-30594
22115
2941
-2192
15542
24144
-15876
16677
-16297
22675
-6129
7696
18883
12649
-29746
-14161
1785
14573
4034
29665
6485
-1026
-1317
-20023
-4448
-6155
-14922
-3312
7916
17873
-28008
-31395
-32105
-24773
1481
-30576
-19187
-28149
29433
982
-6578
9855
7103
-15482
-28092
-2599
-24750
-27916
-14476
-31358
18991
4239
18515
-24258
-12504
-31236
1844
-9059
23851
3126
-25617
-25772
-12512
-28891
27817
-29224
-17216
28589
-6974
-2652
-27303
20334
29483
-20227
-2974
4500
-20152
-19781
-32732
-20576
-8990
-13679
-30401
4375
-13491
-1748
31477
-8127
-7529
22628
30394
32622
-1448
24542
-18464
15035
7617
20686
-25111
20329
30840
-25483
-2642
-15251
-22411
9631
17673
-7314
-6392
-5586
-6429
-26232
21423
10471
-969
6822
-11237
4197
-7321
-24840
-16113
17447
-8483
3088
-21917
32183
13516
-5200
-19147
3234
32126
3561
29240
-1302
9899
28963
-23189
-21106
-8803
-8177
16090
-6991
9303
14433
-20767
15926
28430
15592
11165
-10459
-17642
-11978
-191
-24127
13734
-31769
-32318
-32260
10813
-14704
2048
22547
9869
20665
-1942
-5544
-21147
31839
24680
15419
-18328
-29726
-7577
-5622
-5843
-32525
3602
26606
-31367
3561
-32312
5341
-20675
21722
-3535
21016
-20370
-16205
-21135
-7637
-14857
-32405
20659
5874
-23288
-25293
26776
1311
-16514
10590
-20860
-19188
13792
-1413
17489
8027
-16408
-24952
22531
32017
-13163
-27205
-20710
-18933
17455
-29338
19725
17939
5373
3843
25565
283
9043
-12801
23640
-10047
-12696
676
-2311
31030
-27096
21969
-19018
15200
17375
28494
-14573
-781
-315
17328
-19929
-6073
-1
-23500
-12923
21087
-13827
6530
-30190
32221
16837
-6828
-10867
-28354
-8538
-32630
30792
-23954
23723
6192
-2072
-28606
12535
12212
30414
-29814
6575
-529
3228
27057
32404
-2727
-16736
19928
25386
-16003
-21669
-15367
-30113
-31465
-29241
27583
24929
23203
-17074
25362
-15175
15579
-32086
29971
29797
-32550
-15254
13435
-18936
16723
-14591
-11575
-11377
23948
-22831
-15070
-19121
22828
-20782
23539
-20189
-23771
-29939
26022
4820
-9618
-26959
6281
3364
16828
15233
-18375
5890
6860
1813
21876
19000
-31556
-32547
-22688
-27981
25918
-17398
24009
-12131
13266
-23933
3110
8166
-8464
-22602
23008
2785
-30736
-13837
-22694
-8145
-5738
-8168
-18822
31991
11080
19517
8533
-6378
-5253
30311
6460
-4209
28130
-6606
1710
6257
-26383
-8800
30450
-11828
-19980
11027
-6830
-3319
32112
-11609
2831
21522
-4057
5543
21965
-11558
6254
4422
-15030
16388
14157
20380
-9611
31894
4048
16788
-31867
-28171
-30987
15139
-17703
-7511
-22076
19320
-1976
-10150
-1948
-28562
8363
7913
-17109
-17256
24612
-5653
11556
22721
227
-536
-30532
15337
14635
22956
-6198
16482
-26410
-15664
-10317
-14630
9384
-13868
12270
14511
-27830
16632
26697
15196
13787
-13818
20426
-8385
31896
-6379
-21216
-69
22740
16222
25663
1009
19696
18786
-31870
5482
22841
-5862
16552
-19992
26235
-1583
-22118
-29727
-14542
30393
8524
-5260
-1662
21422
-2169
17265
-15060
-9630
-10886
-28656
-16311
-16250
11397
26453
-19193
-4599
-4029
31220
-5774
-9753
-23254
-23872
-5943
7861
-10738
14919
-18423
31048
10806
28023
-19503
12265
-21198
-27162
-461
-27242
-25557
12367
-30186
-23841
606
4079
-150
-26540
12705
22596
20892
-4155
-27117
-6421
-29136
-4214
222
-28314
-6295
-23649
12254
7540
22208
-20461
19387
827
-4775
11430
-7449
23755
15419
16145
4881
-25826
20730
-23962
-29784
-7976
-1218
15501
30197
28976
-25138
23571
-21989
-18553
-32086
2713
-14409
-7122
-2396
-11686
-10603
-18352
-26287
20278
28997
-22868
6718
-1287
2998
-18860
-10989
-2757
11125
25763
1695
1715
24642
4262
22869
-19531
-330
-15167
21680
-30012
2583
27375
630
28227
-16974
16991
-25538
-959
-30633
7020
-12825
16546
12915
-14998
-10952
-18111
-177
-30543
14849
-18931
738
-4495
-8376
25416
23040
-2542
313
-8575
-16562
11080
1136
-30351
-20390
-25097
26134
17216
-12416
